0.0 0.0 0.0 0.0 
0.0 0.0 0.0 0.0 
-2696.8361467292134 0.0 0.0 0.0 
0.0 0.0 0.0 0.0 
0.0 0.0 0.0 0.0 
0.0 0.0 0.0 0.0 
0.0 0.0 0.0 0.0 
0.0 0.0 0.0 0.0 
0.0 0.0 0.0 0.0 
0.0 0.0 0.0 0.0 
0.0 0.0 0.0 0.0 
0.0 0.0 0.0 0.0 
0.0 0.0 0.0 0.0 
0.0 0.0 0.0 0.0 
0.0 0.0 0.0 0.0 
0.0 0.0 0.0 0.0 
0.0 0.0 0.0 0.0 
0.0 0.0 0.0 0.0 
0.0 0.0 0.0 0.0 
0.0 0.0 0.0 0.0 
0.0 0.0 0.0 0.0 
0.0 0.0 0.0 0.0 
0.0 0.0 0.0 0.0 
0.0 0.0 0.0 0.0 
0.0 0.0 0.0 0.0 
0.0 0.0 0.0 0.0 
0.0 0.0 0.0 0.0 
0.0 0.0 0.0 0.0 
0.0 0.0 0.0 0.0 
0.0 0.0 0.0 0.0 
0.0 0.0 0.0 0.0 
0.0 0.0 0.0 0.0 
-2568.0055639176076 0.0 0.0 0.0 
0.0 0.0 0.0 0.0 
0.0 0.0 0.0 0.0 
0.0 0.0 0.0 0.0 
0.0 0.0 0.0 0.0 
-3785.123767354704 0.0 0.0 0.0 
0.0 0.0 0.0 0.0 
0.0 0.0 0.0 0.0 
0.0 0.0 0.0 0.0 
0.0 0.0 0.0 0.0 
0.0 0.0 0.0 0.0 
0.0 0.0 0.0 0.0 
0.0 0.0 0.0 0.0 
0.0 0.0 0.0 0.0 
0.0 0.0 0.0 0.0 
0.0 0.0 0.0 0.0 
0.0 0.0 0.0 0.0 
0.0 0.0 0.0 0.0 
0.0 0.0 0.0 0.0 
0.0 0.0 0.0 0.0 
0.0 0.0 0.0 0.0 
0.0 0.0 0.0 0.0 
0.0 0.0 0.0 0.0 
0.0 0.0 0.0 0.0 
0.0 0.0 0.0 0.0 
0.0 0.0 0.0 0.0 
0.0 0.0 0.0 0.0 
0.0 0.0 0.0 0.0 
0.0 0.0 0.0 0.0 
0.0 0.0 0.0 0.0 
0.0 0.0 0.0 0.0 
0.0 0.0 0.0 0.0 
0.0 0.0 0.0 0.0 
0.0 0.0 0.0 0.0 
0.0 0.0 0.0 0.0 
0.0 0.0 0.0 0.0 
0.0 0.0 0.0 0.0 
0.0 0.0 0.0 0.0 
0.0 0.0 0.0 0.0 
0.0 0.0 0.0 0.0 
0.0 0.0 0.0 0.0 
0.0 0.0 0.0 0.0 
0.0 0.0 0.0 0.0 
0.0 0.0 0.0 0.0 
0.0 0.0 0.0 0.0 
0.0 0.0 0.0 0.0 
0.0 0.0 0.0 0.0 
0.0 0.0 0.0 0.0 
0.0 0.0 0.0 0.0 
0.0 0.0 0.0 0.0 
0.0 0.0 0.0 0.0 
0.0 0.0 0.0 0.0 
0.0 0.0 0.0 0.0 
0.0 0.0 0.0 0.0 
0.0 0.0 0.0 0.0 
0.0 0.0 0.0 0.0 
0.0 -3416.181169888909 0.0 0.0 
0.0 -0.9999999999999996 0.0 0.0 
0.0 0.0 0.0 0.0 
0.0 0.0 0.0 0.0 
0.0 0.0 0.0 0.0 
0.0 0.0 0.0 0.0 
0.0 0.0 0.0 0.0 
0.0 0.0 0.0 0.0 
0.0 0.0 0.0 0.0 
0.0 0.0 0.0 0.0 
0.0 -4403.45435612245 0.0 0.0 
0.0 -0.9999999999999996 0.0 0.0 
0.0 0.0 0.0 0.0 
0.0 0.0 0.0 0.0 
0.0 0.0 0.0 0.0 
0.0 -2690.58158475305 0.0 0.0 
0.0 -0.9999999999999996 0.0 0.0 
0.0 0.0 0.0 0.0 
0.0 0.0 0.0 0.0 
0.0 0.0 0.0 0.0 
0.0 0.0 0.0 0.0 
0.0 0.0 0.0 0.0 
0.0 0.0 0.0 0.0 
0.0 0.0 0.0 0.0 
0.0 0.0 0.0 0.0 
0.0 0.0 0.0 0.0 
0.0 0.0 0.0 0.0 
0.0 0.0 0.0 0.0 
0.0 0.0 0.0 0.0 
0.0 0.0 0.0 0.0 
0.0 0.0 0.0 0.0 
0.0 0.0 0.0 0.0 
0.0 0.0 0.0 0.0 
0.0 0.0 0.0 0.0 
0.0 0.0 0.0 0.0 
0.0 0.0 0.0 0.0 
0.0 0.0 0.0 0.0 
0.0 0.0 0.0 0.0 
0.0 0.0 0.0 0.0 
0.0 0.0 0.0 0.0 
0.0 0.0 0.0 0.0 
0.0 0.0 0.0 0.0 
0.0 0.0 0.0 0.0 
0.0 0.0 0.0 0.0 
0.0 0.0 0.0 0.0 
0.0 0.0 0.0 0.0 
0.0 0.0 0.0 0.0 
0.0 0.0 0.0 0.0 
0.0 0.0 0.0 0.0 
0.0 0.0 0.0 0.0 
0.0 0.0 0.0 0.0 
0.0 0.0 0.0 0.0 
0.0 0.0 0.0 0.0 
0.0 0.0 0.0 0.0 
0.0 0.0 0.0 0.0 
0.0 0.0 0.0 0.0 
0.0 0.0 0.0 0.0 
0.0 0.0 0.0 0.0 
0.0 0.0 0.0 0.0 
0.0 0.0 0.0 0.0 
0.0 0.0 0.0 0.0 
0.0 0.0 0.0 0.0 
0.0 0.0 0.0 0.0 
0.0 0.0 0.0 0.0 
0.0 0.0 0.0 0.0 
0.0 0.0 0.0 0.0 
0.0 0.0 0.0 0.0 
0.0 0.0 0.0 0.0 
0.0 0.0 0.0 0.0 
0.0 0.0 0.0 0.0 
0.0 0.0 0.0 0.0 
0.0 0.0 0.0 0.0 
198.9999999999999 0.0 -840.7099999999996 0.0 
0.0 0.0 0.0 0.0 
-1002.9943788771955 0.0 -2.151079810205972 0.0 
0.0 0.0 0.0 0.0 
0.0 0.0 0.0 0.0 
0.0 0.0 0.0 0.0 
0.0 0.0 0.0 0.0 
0.0 0.0 0.0 0.0 
0.0 0.0 0.0 0.0 
0.0 0.0 0.0 0.0 
0.0 0.0 0.0 0.0 
0.0 0.0 0.0 0.0 
0.0 0.0 0.0 0.0 
0.0 0.0 0.0 0.0 
0.0 0.0 0.0 0.0 
0.0 0.0 0.0 0.0 
0.0 0.0 0.0 0.0 
0.0 0.0 0.0 0.0 
0.0 0.0 0.0 0.0 
0.0 0.0 0.0 0.0 
-2.3546083461667497 0.0 -1003.0343910329077 0.0 
0.0 0.0 0.0 0.0 
-877.9887427437395 0.0 155.3566185609173 0.0 
0.0 0.0 0.0 0.0 
0.0 0.0 0.0 0.0 
-2.3708398146570095 0.0 -1002.9658046657175 0.0 
0.0 0.0 0.0 0.0 
-2353.4964923938173 0.0 -1907.871660366882 0.0 
0.0 0.0 0.0 0.0 
-9.999999999980359 0.0 -9.999999999979872 0.0 
-2.71 0.0 -1004.0950999999997 0.0 
0.0 0.0 0.0 0.0 
-1786.5875899999999 0.0 -2349.035947900001 0.0 
0.0 0.0 0.0 0.0 
-0.9999999999999996 0.0 -0.9999999999999996 0.0 
121.60303618956107 0.0 -929.9910092573199 0.0 
0.0 0.0 0.0 0.0 
-3458.6109697919815 0.0 -3094.74883902711 0.0 
0.0 0.0 0.0 0.0 
-1.899999999999999 0.0 -0.9999999999999996 0.0 
0.0 0.0 0.0 0.0 
0.0 0.0 0.0 0.0 
-1001.0000000000002 -9.99999999999996 0.0 0.0 
198.9999999999999 -884.2499907405 0.0 0.0 
0.0 0.0 0.0 0.0 
0.0 0.0 0.0 0.0 
0.0 0.0 0.0 0.0 
-1006.440566225891 -9.99999999999995 0.0 0.0 
-9.999999999999975 -1007.8939486205506 0.0 0.0 
-1.0 -1.0 0.0 0.0 
0.0 0.0 0.0 0.0 
0.0 0.0 0.0 0.0 
-914.9284809259336 125.29939773628342 0.0 0.0 
-9.999999999999975 -1009.9999999999998 0.0 0.0 
0.0 0.0 0.0 0.0 
0.0 0.0 0.0 0.0 
0.0 0.0 0.0 0.0 
0.0 0.0 0.0 0.0 
0.0 0.0 0.0 0.0 
0.0 0.0 0.0 0.0 
0.0 0.0 0.0 0.0 
0.0 0.0 0.0 0.0 
0.0 0.0 0.0 0.0 
0.0 0.0 0.0 0.0 
0.0 0.0 0.0 0.0 
0.0 0.0 0.0 0.0 
0.0 0.0 0.0 0.0 
0.0 0.0 0.0 0.0 
0.0 0.0 0.0 0.0 
0.0 0.0 0.0 0.0 
0.0 0.0 0.0 0.0 
0.0 0.0 0.0 0.0 
0.0 0.0 0.0 0.0 
0.0 0.0 0.0 0.0 
0.0 0.0 0.0 0.0 
0.0 0.0 0.0 0.0 
0.0 0.0 0.0 0.0 
0.0 0.0 0.0 0.0 
0.0 0.0 0.0 0.0 
0.0 0.0 0.0 0.0 
0.0 0.0 0.0 0.0 
-1.899999999999999 0.0 0.0 -1005.3272530169676 
-1001.9000000000001 0.0 0.0 -9.999999999999957 
0.0 0.0 0.0 0.0 
-0.9999999999999998 0.0 0.0 -0.9999999999999998 
0.0 0.0 0.0 0.0 
79.39961897894025 0.0 0.0 -925.1930214846906 
-1009.9999999999998 0.0 0.0 -9.99999999999995 
0.0 0.0 0.0 0.0 
-0.9999999999999996 0.0 0.0 -0.9999999999999996 
0.0 0.0 0.0 0.0 
-7.794104144259581 0.0 0.0 -1007.2351202932217 
-994.4672438283662 0.0 0.0 -9.99999999999995 
0.0 0.0 0.0 0.0 
-0.9999999999999996 0.0 0.0 -0.9999999999999996 
0.0 0.0 0.0 0.0 
0.0 0.0 0.0 0.0 
0.0 0.0 0.0 0.0 
0.0 0.0 0.0 0.0 
0.0 0.0 0.0 0.0 
0.0 0.0 0.0 0.0 
0.0 0.0 0.0 0.0 
0.0 0.0 0.0 0.0 
0.0 0.0 0.0 0.0 
0.0 0.0 0.0 0.0 
0.0 0.0 0.0 0.0 
0.0 0.0 0.0 0.0 
0.0 0.0 0.0 0.0 
0.0 0.0 0.0 0.0 
0.0 0.0 0.0 0.0 
0.0 0.0 0.0 0.0 
-9.999999999999972 0.0 0.0 -1003.9344676179273 
-1004.2745474173207 0.0 0.0 -2.6559275859940854 
0.0 0.0 0.0 0.0 
0.0 0.0 0.0 0.0 
0.0 0.0 0.0 0.0 
-9.999999999999964 0.0 0.0 -821.9000128379012 
-821.9000000000002 0.0 0.0 -9.99999999999995 
0.0 0.0 0.0 0.0 
-1.0 0.0 0.0 -1.0 
0.0 -6.558315678470001 -1000.9999999999995 0.0 
0.0 0.0 0.0 0.0 
0.0 0.0 0.0 0.0 
0.0 -968.1163740383189 -9.99999999999995 0.0 
0.0 -0.9999999999999996 -0.9999999999999996 0.0 
0.0 -6.783899836342023 -1000.9999999999995 0.0 
0.0 0.0 0.0 0.0 
0.0 0.0 0.0 0.0 
0.0 -1009.9999999999998 -9.999999999999968 0.0 
0.0 -0.9999999999999996 -1.899999999999999 0.0 
0.0 106.77558205186915 -916.1124058286325 0.0 
0.0 0.0 0.0 0.0 
0.0 0.0 0.0 0.0 
0.0 -1009.9999999999998 -9.999999999999975 0.0 
0.0 -0.9999999999999998 -0.9999999999999998 0.0 
0.0 -9.99999999999995 -1009.9999999999998 0.0 
0.0 0.0 0.0 0.0 
0.0 0.0 0.0 0.0 
0.0 -1008.2595529974747 -9.999999999999979 0.0 
0.0 -1.0 -1.0 0.0 
0.0 -9.99999999999995 -1005.5782291436815 0.0 
0.0 0.0 0.0 0.0 
0.0 0.0 0.0 0.0 
0.0 -927.5458460977452 165.7461501650666 0.0 
0.0 0.0 0.0 0.0 
0.0 0.0 0.0 0.0 
0.0 0.0 0.0 0.0 
0.0 0.0 0.0 0.0 
0.0 0.0 0.0 0.0 
0.0 0.0 0.0 0.0 
0.0 0.0 0.0 0.0 
0.0 0.0 0.0 0.0 
0.0 0.0 0.0 0.0 
0.0 0.0 0.0 0.0 
0.0 0.0 0.0 0.0 
0.0 0.0 0.0 0.0 
0.0 0.0 0.0 0.0 
0.0 0.0 0.0 0.0 
0.0 0.0 0.0 0.0 
0.0 0.0 0.0 0.0 
0.0 0.0 0.0 0.0 
0.0 0.0 0.0 0.0 
0.0 0.0 0.0 0.0 
0.0 0.0 0.0 0.0 
0.0 0.0 0.0 0.0 
0.0 0.0 0.0 0.0 
0.0 0.0 0.0 0.0 
0.0 0.0 0.0 0.0 
0.0 0.0 0.0 0.0 
0.0 0.0 0.0 0.0 
0.0 0.0 0.0 0.0 
0.0 0.0 0.0 0.0 
0.0 0.0 0.0 0.0 
0.0 0.0 0.0 0.0 
0.0 0.0 0.0 0.0 
0.0 0.0 0.0 0.0 
0.0 0.0 0.0 0.0 
0.0 0.0 0.0 0.0 
0.0 0.0 0.0 0.0 
0.0 0.0 0.0 0.0 
0.0 0.0 -1002.7358936350017 -9.99999999999995 
0.0 0.0 198.9999999999999 -884.269327015216 
0.0 0.0 0.0 0.0 
0.0 0.0 0.0 0.0 
0.0 0.0 0.0 0.0 
0.0 0.0 -1001.0000000000002 -9.99999999999995 
0.0 0.0 -9.99999999999995 -1009.9999999999958 
0.0 0.0 0.0 0.0 
0.0 0.0 0.0 0.0 
0.0 0.0 -1.0 -1.0 
0.0 0.0 -1001.0000000000002 78.21111289383579 
0.0 0.0 -9.999999999999979 -1009.9999999999831 
0.0 0.0 0.0 0.0 
0.0 0.0 0.0 0.0 
0.0 0.0 -0.9999999999999999 -0.9999999999999999 
0.0 0.0 0.0 0.0 
0.0 0.0 0.0 0.0 
0.0 0.0 0.0 0.0 
0.0 0.0 0.0 0.0 
0.0 0.0 0.0 0.0 
0.0 0.0 0.0 0.0 
0.0 -5.809550183949023 0.0 -1000.9999999999995 
0.0 0.0 0.0 0.0 
0.0 -2563.7553400848124 0.0 -3161.4076263970665 
0.0 0.0 0.0 0.0 
0.0 0.0 0.0 0.0 
0.0 0.0 0.0 0.0 
0.0 0.0 0.0 0.0 
0.0 0.0 0.0 0.0 
0.0 0.0 0.0 0.0 
0.0 0.0 0.0 0.0 
0.0 198.9999999999999 0.0 -863.4910924326684 
0.0 0.0 0.0 0.0 
0.0 -1005.3949935640427 0.0 -4.715698660944459 
0.0 0.0 0.0 0.0 
0.0 0.0 0.0 0.0 
0.0 -5.60152427811952 0.0 -1000.9999999999995 
0.0 0.0 0.0 0.0 
0.0 -3752.463236202927 0.0 -3962.3939996248746 
0.0 0.0 0.0 0.0 
0.0 0.0 0.0 0.0 
0.0 -5.41252937258365 0.0 -1006.0274496660568 
0.0 0.0 0.0 0.0 
0.0 -3004.961811277445 0.0 -3420.6668229064994 
0.0 -0.9999999999999996 0.0 -0.9999999999999996 
0.0 0.0 0.0 0.0 
0.0 -5.033069390447183 0.0 -1005.615289182886 
0.0 0.0 0.0 0.0 
0.0 -2531.866210838827 0.0 -2494.1987157975286 
0.0 -9.987647830043212 0.0 -9.988157838642316 
0.0 0.0 0.0 0.0 
0.0 -4.053378216058383 0.0 -1004.6511840163885 
0.0 0.0 0.0 0.0 
0.0 -863.4854258561545 0.0 198.9999999999999 
0.0 0.0 0.0 0.0 
0.0 0.0 0.0 0.0 
0.0 -5.957999940059208 0.0 -1006.8162371089408 
0.0 0.0 0.0 0.0 
0.0 -2001.6627776267874 0.0 -1669.9885048420679 
0.0 0.0 0.0 0.0 
164.4857149493448 36.92192495844459 -869.9523954353476 0.0 
0.0 0.0 0.0 0.0 
-1010.0 -9.999999999999979 -9.999999999999979 0.0 
144.91868934787405 -941.3493578013092 134.3748727668642 0.0 
0.0 0.0 0.0 0.0 
5.996500777586799 41.218080623764706 -992.9515596771978 0.0 
0.0 0.0 0.0 0.0 
-1006.4795625563593 -5.938238960973141 -9.552288433435791 0.0 
-9.999999999999975 -1007.7903021953217 -9.999999999999975 0.0 
0.0 0.0 0.0 0.0 
-9.99999999999995 -9.99999999999995 -979.6727938116157 0.0 
0.0 0.0 0.0 0.0 
-1006.5852435522977 -5.8838824968240315 -7.418240482294527 0.0 
-9.999999999999979 -1007.8972405699333 -9.999999999999975 0.0 
-1.0 -1.0 -1.0 0.0 
-9.99999999999995 -9.99999999999995 -1009.9999999999998 0.0 
0.0 0.0 0.0 0.0 
-1000.9999999999995 -6.3695545876371344 -6.270545546926333 0.0 
-9.999999999999979 -1007.6722031175073 -9.999999999999977 0.0 
0.0 0.0 0.0 0.0 
-9.999999999961219 -4.8693870611335175 -1005.9422841517032 0.0 
0.0 0.0 0.0 0.0 
-863.6683227142073 91.24161039940151 183.34405477460083 0.0 
155.83626706618378 -890.1731849587431 193.1966548081777 0.0 
0.0 0.0 0.0 0.0 
-4.573887731885019 -4.688308772486781 -924.558861892667 0.0 
0.0 0.0 0.0 0.0 
-1000.9999999999995 -3.7175380512626104 -2.795221519313181 0.0 
78.04317388063734 -913.488158623017 82.96406111094664 0.0 
0.0 0.0 0.0 0.0 
0.0 0.0 0.0 0.0 
0.0 0.0 0.0 0.0 
0.0 0.0 0.0 0.0 
0.0 0.0 0.0 0.0 
0.0 0.0 0.0 0.0 
-3.779110886708027 -5.207581466158107 -1005.2894312364019 0.0 
0.0 0.0 0.0 0.0 
-1000.9999999999995 -5.029205508675913 -6.259814935454935 0.0 
133.772159013153 -892.5210804467183 110.91063559185099 0.0 
0.0 0.0 0.0 0.0 
178.0999999999999 0.0 -1000.9999999999995 142.36099999999996 
-0.9999999999999996 0.0 -2.709999999999998 -1002.7099999999997 
-1002.9359718291851 0.0 -9.99999999999996 -1.0 
0.0 0.0 0.0 0.0 
0.0 0.0 0.0 0.0 
50.069673163836 0.0 -956.8533144651888 38.569852539644955 
96.94665381491339 0.0 83.68544636291881 -924.2779331190444 
-990.3366599399781 0.0 -9.99999999999995 -9.99999999999995 
0.0 0.0 0.0 0.0 
0.0 0.0 0.0 0.0 
-5.4238791881099315 0.0 -1007.0215120220773 -6.151632772419038 
-6.119554102493283 0.0 -7.112043665285659 -1006.7698143545763 
-957.4488399226389 0.0 -9.99999999999995 -9.99999999999995 
0.0 0.0 0.0 0.0 
0.0 0.0 0.0 0.0 
-5.648886228158917 0.0 -1004.6461366534763 -6.651489201100078 
-6.9337112533790535 0.0 -7.543113222103535 -1006.8050417435222 
-979.7844699075348 0.0 8.233738777090831 16.042668750994487 
0.0 0.0 0.0 0.0 
-1.899999999999999 0.0 -1.899999999999999 -0.9999999999999996 
-1.928770706933395 0.0 -1002.9688274442022 -4.332015927862667 
159.28999999889209 0.0 198.9999999999999 -870.9759230042166 
-1000.9999934194084 0.0 198.9999999999193 115.48479118375381 
0.0 0.0 0.0 0.0 
0.0 0.0 0.0 0.0 
-9.999999999999961 0.0 -1003.1290418007585 -1.0 
-2.71 0.0 -1.0 -1002.7099999999999 
-1000.9999999999995 0.0 -1612.0601755792372 112.00436756466095 
0.0 0.0 0.0 0.0 
0.0 0.0 0.0 0.0 
-9.999999999999961 0.0 -864.377213320935 198.9999999999999 
-9.999999999999964 0.0 -9.999999999999973 -1004.2271436915324 
-1001.0000000000002 0.0 -2491.6550164325436 198.9999999999999 
0.0 0.0 0.0 0.0 
-1.0 0.0 -1.0 -1.0 
159.2899999999998 0.0 -894.269661110778 -1.0 
-2.71 0.0 -1.0 -1002.7099999999999 
-1001.0000000000002 0.0 -2619.649389905952 -9.999993393623358 
0.0 0.0 0.0 0.0 
0.0 0.0 0.0 0.0 
0.0 0.0 0.0 0.0 
198.99999091437786 -9.999863766142948 0.0 -882.924967289211 
-1001.9000000000001 -9.99999999999995 0.0 -9.99999999999995 
198.9999999999999 -1001.0000000000002 0.0 -9.999999721570394 
-1.0 -1.0 0.0 -1.0 
0.0 0.0 0.0 0.0 
-5.983121233525075 -5.744628472335911 0.0 -1005.661937755483 
-1005.0391114586582 -9.999999999999957 0.0 -9.99999999999995 
-7.511415927985611 -1007.4145559244455 0.0 -8.345155376373851 
0.0 0.0 0.0 0.0 
0.0 0.0 0.0 0.0 
107.95314907843114 153.1666287320233 0.0 -863.7989595371355 
-896.5705320331381 170.29180171763167 0.0 127.09970092162274 
-9.99999999999995 -1009.9999999999998 0.0 -9.99999999999996 
0.0 0.0 0.0 0.0 
0.0 0.0 0.0 0.0 
0.0 0.0 0.0 0.0 
0.0 0.0 0.0 0.0 
0.0 0.0 0.0 0.0 
0.0 0.0 0.0 0.0 
0.0 0.0 0.0 0.0 
0.0 0.0 0.0 0.0 
0.0 0.0 0.0 0.0 
0.0 0.0 0.0 0.0 
0.0 0.0 0.0 0.0 
0.0 0.0 0.0 0.0 
0.0 0.0 0.0 0.0 
0.0 0.0 0.0 0.0 
0.0 0.0 0.0 0.0 
0.0 0.0 0.0 0.0 
0.0 0.0 0.0 0.0 
-3.0453396057821176 -6.9577349119177185 0.0 -1004.4585889494992 
-1003.4245666666379 -2.7436347211360186 0.0 -2.0649496267052974 
41.93700839016648 -963.7239974544208 0.0 67.88741845198592 
0.0 0.0 0.0 0.0 
0.0 0.0 0.0 0.0 
-2.71 -2.71 0.0 -873.633961772542 
-1000.9999999999995 -9.99999999999995 0.0 -9.99999999999995 
-2.709999999999998 -1000.9999999999995 0.0 -2.709999999999998 
0.0 0.0 0.0 0.0 
0.0 -5.794383710396676 -1000.9999999999995 -6.671653848367895 
0.0 -5.291123829709828 -5.664936337251205 -1006.6895693341921 
0.0 0.0 0.0 0.0 
0.0 -920.1285723620161 -9.995404600855338 -9.99999999999995 
0.0 -0.9999999999999996 -1.899999999999999 -0.9999999999999996 
0.0 -6.715585356608786 -1000.9999999999995 -6.824491921365114 
0.0 -6.224356093760277 -6.811563138968963 -1005.8340061770949 
0.0 0.0 0.0 0.0 
0.0 -1009.9968625625219 -9.99999999999995 -9.999999999999961 
0.0 -1.8999999999999937 -0.9999999999999996 -1.899999999999999 
0.0 93.55622263874977 -892.6068421562744 97.74109357969539 
0.0 175.6914478611948 119.96615443606773 -864.8935116111977 
0.0 0.0 0.0 0.0 
0.0 -1009.9999999999998 -9.99999999999995 -9.99999999999996 
0.0 0.0 0.0 0.0 
0.0 -9.99999999999995 -1009.9999999999998 -9.99999999999995 
0.0 -7.699815357334394 -7.435841025021369 -1007.6273528217164 
0.0 0.0 0.0 0.0 
0.0 -1006.7583345646402 -8.209322975760575 -8.362374096690182 
0.0 0.0 0.0 0.0 
0.0 -9.999999999999964 -1001.9000000000001 -9.999999999999957 
0.0 -3.439000000000001 119.13340346090354 -920.772715566389 
0.0 0.0 0.0 0.0 
0.0 -1003.4389999999997 -1.899999999999999 -9.99999999999995 
0.0 -1.0 -1.0 -1.0 
0.0 -9.999999999999961 -1001.0000000000002 -9.999999999999964 
0.0 -2.71 -2.71 -900.8980118338746 
0.0 0.0 0.0 0.0 
0.0 -1000.9999999999995 -2.709999999999998 -2.709999999999998 
0.0 0.0 0.0 0.0 
0.0 159.2899999999998 -1001.0000000000002 198.9999999999999 
0.0 -9.999999999995586 -9.999999999993728 -1009.9999999999932 
0.0 0.0 0.0 0.0 
0.0 -1000.9999999999995 159.2899999999998 198.9999999999999 
0.0 -1.8999999999999997 -0.9999999999999999 -1.8999999999999997 
0.0 -5.04871146921768 -1000.9999999999995 -6.085118025425038 
0.0 -4.7100542738361755 -5.511259466072998 -1005.7039988100728 
0.0 0.0 0.0 0.0 
0.0 -888.7896224149376 87.60286179393898 -9.994428841612926 
0.0 -1.899999999999999 -0.9999999999999996 -1.899999999999999 
164.7476626793116 126.73574338613193 -1000.9999999999995 130.78520639367778 
151.35187109818196 -2.71 127.66965356484906 -886.6310334106431 
-1002.7099999999999 -1.0 -9.99999999999995 -3.582438273219483 
-0.9999999999999996 -1002.7099999999997 -2.709999999999998 -9.99999999999995 
0.0 0.0 0.0 0.0 
16.236770366554566 73.55534100709139 -991.7391919619072 43.10548667688625 
-6.419806757415634 -6.109095935255946 -5.656369968602003 -1005.2431954821507 
-1005.2295290971529 -5.532341332516825 -7.581699261504388 -5.748229157261358 
-7.5991310258500135 -1007.1147442878 -7.529667088420208 -7.885036788729776 
0.0 0.0 0.0 0.0 
-9.99999999999995 -9.99999999999995 -952.934616444167 -9.99999999999995 
-7.406962399632458 -7.088460560890288 -6.16691545295067 -1007.042953978622 
-1005.7516234170491 -5.122875004299131 -5.038566216463348 -5.551487512850396 
-8.361910793676975 -1008.1169133899355 -7.446505973663282 -8.371190642642349 
0.0 0.0 0.0 0.0 
-9.99999999999995 -9.99999999999995 -1009.9999999999998 -9.99999999999995 
-7.708726826743227 -7.424590914941797 -6.866572528951883 -1007.0605621311117 
-1000.9999999999995 -5.815194688576443 -4.759127601014288 -5.880474403726345 
-8.320920842619024 -1005.6162915678951 -7.951250548935133 -8.381469946784835 
0.0 0.0 0.0 0.0 
-9.999999999999964 -1.0 -1002.8598739987747 -4.366251931862491 
98.61213363392568 -2.71 139.32218202342628 -900.2162528666144 
-1000.9999999999995 112.67051826283804 139.49951808300375 99.92467408137365 
-2.709999999999998 -1002.7099999999997 -0.9999999999999996 -9.99999999999995 
0.0 0.0 0.0 0.0 
-7.053376362355572 -5.067659024746302 -998.7236647031209 -5.040271797836256 
-9.99999999999393 -9.999999999993625 -9.999999999992452 -1009.4589108034929 
-933.3029657494764 82.35212205573367 87.71752711859597 84.75274879002197 
85.54755454954648 -931.21509866206 94.24055600952303 93.12287731889188 
0.0 0.0 0.0 0.0 
-5.250686114457393 97.81391689175757 -1000.9999999999995 110.200238460091 
-9.999999999992648 -9.99999999999254 -9.999999999992783 -1009.9999999999916 
-917.4001851262567 64.34267750923509 -9.99999999999996 102.07803665249304 
70.29356568103188 -886.153662586449 86.81395596206892 123.74670905887456 
0.0 0.0 0.0 0.0 
-4.478155028708488 -5.305667384300939 -1002.0923083162054 -5.190138842623257 
-3.39618125516067 -6.086302277938542 -4.61797626669399 -1003.8015924783774 
-1001.0560597732672 -5.0014395917626615 -9.238334178162381 -3.5291590412315585 
125.7378798027635 -927.4409122967859 101.09708940381205 115.11332764872657 
0.0 0.0 0.0 0.0 
0.0 0.0 0.0 0.0 
0.0 0.0 0.0 0.0 
0.0 0.0 0.0 0.0 
0.0 0.0 0.0 0.0 
0.0 0.0 0.0 0.0 
0.0 0.0 0.0 0.0 
0.0 0.0 0.0 0.0 
0.0 0.0 0.0 0.0 
0.0 0.0 0.0 0.0 
0.0 0.0 0.0 0.0 
0.0 0.0 0.0 0.0 
0.0 0.0 0.0 0.0 
0.0 0.0 0.0 0.0 
0.0 0.0 0.0 0.0 
0.0 0.0 0.0 0.0 
0.0 0.0 0.0 0.0 
0.0 0.0 0.0 0.0 
0.0 0.0 0.0 0.0 
0.0 0.0 0.0 0.0 
0.0 0.0 0.0 0.0 
0.0 0.0 0.0 0.0 
0.0 0.0 0.0 0.0 
0.0 0.0 0.0 0.0 
0.0 0.0 0.0 0.0 
0.0 0.0 0.0 0.0 
0.0 0.0 0.0 0.0 
0.0 0.0 0.0 0.0 
0.0 0.0 0.0 0.0 
0.0 0.0 0.0 0.0 
0.0 0.0 0.0 0.0 
0.0 0.0 0.0 0.0 
0.0 0.0 0.0 0.0 
0.0 0.0 0.0 0.0 
0.0 0.0 0.0 0.0 
0.0 0.0 0.0 0.0 
0.0 0.0 0.0 0.0 
0.0 0.0 0.0 0.0 
0.0 0.0 0.0 0.0 
0.0 0.0 0.0 0.0 
0.0 0.0 0.0 0.0 
0.0 0.0 0.0 0.0 
0.0 0.0 0.0 0.0 
0.0 0.0 0.0 0.0 
0.0 0.0 0.0 0.0 
0.0 0.0 0.0 0.0 
0.0 0.0 0.0 0.0 
0.0 0.0 0.0 0.0 
0.0 0.0 0.0 0.0 
0.0 0.0 0.0 0.0 
0.0 0.0 0.0 0.0 
0.0 0.0 0.0 0.0 
0.0 0.0 0.0 0.0 
0.0 0.0 0.0 0.0 
0.0 0.0 0.0 0.0 
0.0 0.0 0.0 0.0 
0.0 0.0 0.0 0.0 
0.0 0.0 0.0 0.0 
0.0 0.0 0.0 0.0 
0.0 0.0 0.0 0.0 
0.0 0.0 0.0 0.0 
0.0 0.0 0.0 0.0 
0.0 0.0 0.0 0.0 
0.0 0.0 0.0 0.0 
0.0 0.0 0.0 0.0 
0.0 0.0 0.0 0.0 
0.0 0.0 0.0 0.0 
0.0 0.0 0.0 0.0 
0.0 0.0 0.0 0.0 
0.0 0.0 0.0 0.0 
0.0 0.0 0.0 0.0 
0.0 0.0 0.0 0.0 
0.0 0.0 0.0 0.0 
0.0 0.0 0.0 0.0 
0.0 0.0 0.0 0.0 
0.0 0.0 0.0 0.0 
0.0 0.0 0.0 0.0 
0.0 0.0 0.0 0.0 
0.0 0.0 0.0 0.0 
0.0 0.0 0.0 0.0 
0.0 0.0 0.0 0.0 
0.0 0.0 0.0 0.0 
0.0 0.0 0.0 0.0 
0.0 0.0 0.0 0.0 
0.0 0.0 0.0 0.0 
0.0 0.0 0.0 0.0 
0.0 0.0 0.0 0.0 
0.0 0.0 0.0 0.0 
0.0 0.0 0.0 0.0 
0.0 0.0 0.0 0.0 
0.0 0.0 0.0 0.0 
0.0 0.0 0.0 0.0 
0.0 0.0 0.0 0.0 
0.0 0.0 0.0 0.0 
0.0 0.0 0.0 0.0 
0.0 0.0 0.0 0.0 
0.0 0.0 0.0 0.0 
0.0 0.0 0.0 0.0 
0.0 0.0 0.0 0.0 
0.0 0.0 0.0 0.0 
0.0 0.0 0.0 0.0 
0.0 0.0 0.0 0.0 
0.0 0.0 0.0 0.0 
0.0 0.0 0.0 0.0 
0.0 0.0 0.0 0.0 
0.0 0.0 0.0 0.0 
0.0 0.0 0.0 0.0 
0.0 0.0 0.0 0.0 
0.0 0.0 0.0 0.0 
0.0 0.0 0.0 0.0 
0.0 0.0 0.0 0.0 
0.0 0.0 0.0 0.0 
0.0 0.0 0.0 0.0 
0.0 0.0 0.0 0.0 
0.0 0.0 0.0 0.0 
0.0 0.0 0.0 0.0 
0.0 0.0 0.0 0.0 
0.0 0.0 0.0 0.0 
0.0 0.0 0.0 0.0 
0.0 0.0 0.0 0.0 
0.0 0.0 0.0 0.0 
0.0 0.0 0.0 0.0 
0.0 0.0 0.0 0.0 
0.0 0.0 0.0 0.0 
0.0 0.0 0.0 0.0 
0.0 0.0 0.0 0.0 
0.0 0.0 0.0 0.0 
0.0 0.0 0.0 0.0 
0.0 0.0 0.0 0.0 
0.0 0.0 0.0 0.0 
0.0 0.0 0.0 0.0 
0.0 0.0 0.0 0.0 
0.0 0.0 0.0 0.0 
0.0 0.0 0.0 0.0 
0.0 0.0 0.0 0.0 
0.0 0.0 0.0 0.0 
0.0 0.0 0.0 0.0 
0.0 0.0 0.0 0.0 
0.0 0.0 0.0 0.0 
0.0 0.0 0.0 0.0 
0.0 0.0 0.0 0.0 
0.0 0.0 0.0 0.0 
0.0 0.0 0.0 -2882.573566861718 
0.0 0.0 0.0 0.0 
0.0 0.0 0.0 0.0 
0.0 0.0 0.0 -0.9999999999999996 
0.0 0.0 0.0 0.0 
0.0 0.0 0.0 -4031.532430556521 
0.0 0.0 0.0 0.0 
0.0 0.0 0.0 0.0 
0.0 0.0 0.0 -0.9999999999999996 
0.0 0.0 0.0 0.0 
0.0 0.0 0.0 0.0 
0.0 0.0 0.0 0.0 
0.0 0.0 0.0 0.0 
0.0 0.0 0.0 0.0 
0.0 0.0 0.0 0.0 
0.0 0.0 0.0 -3521.117871227035 
0.0 0.0 0.0 0.0 
0.0 0.0 0.0 0.0 
0.0 0.0 0.0 -0.9999999999999996 
0.0 0.0 0.0 0.0 
0.0 0.0 0.0 0.0 
0.0 0.0 0.0 0.0 
0.0 0.0 0.0 0.0 
0.0 0.0 0.0 0.0 
0.0 0.0 0.0 0.0 
0.0 0.0 0.0 0.0 
0.0 0.0 0.0 0.0 
0.0 0.0 0.0 0.0 
0.0 0.0 0.0 0.0 
0.0 0.0 0.0 0.0 
0.0 0.0 0.0 0.0 
0.0 0.0 0.0 0.0 
0.0 0.0 0.0 0.0 
0.0 0.0 0.0 0.0 
0.0 0.0 0.0 0.0 
0.0 0.0 0.0 0.0 
0.0 0.0 0.0 0.0 
0.0 0.0 0.0 0.0 
0.0 0.0 0.0 0.0 
0.0 0.0 0.0 0.0 
0.0 0.0 0.0 0.0 
0.0 0.0 0.0 0.0 
0.0 0.0 0.0 0.0 
0.0 0.0 0.0 0.0 
0.0 0.0 0.0 0.0 
0.0 0.0 0.0 0.0 
0.0 0.0 0.0 0.0 
0.0 0.0 0.0 0.0 
0.0 0.0 0.0 0.0 
0.0 0.0 0.0 0.0 
0.0 0.0 0.0 0.0 
0.0 0.0 0.0 0.0 
0.0 0.0 0.0 0.0 
0.0 0.0 0.0 0.0 
0.0 0.0 0.0 0.0 
0.0 0.0 0.0 0.0 
0.0 0.0 0.0 0.0 
0.0 0.0 0.0 0.0 
0.0 0.0 0.0 0.0 
0.0 0.0 0.0 0.0 
0.0 0.0 0.0 0.0 
0.0 0.0 0.0 0.0 
0.0 0.0 0.0 0.0 
0.0 0.0 0.0 0.0 
0.0 0.0 0.0 0.0 
0.0 0.0 0.0 0.0 
0.0 0.0 0.0 0.0 
0.0 0.0 0.0 0.0 
0.0 0.0 0.0 0.0 
0.0 0.0 0.0 0.0 
0.0 0.0 0.0 0.0 
0.0 0.0 0.0 0.0 
0.0 0.0 0.0 0.0 
0.0 0.0 0.0 0.0 
0.0 0.0 0.0 0.0 
0.0 0.0 0.0 0.0 
0.0 0.0 0.0 0.0 
0.0 0.0 0.0 0.0 
0.0 0.0 0.0 0.0 
0.0 0.0 0.0 0.0 
0.0 0.0 0.0 0.0 
0.0 0.0 0.0 0.0 
0.0 0.0 0.0 0.0 
0.0 0.0 0.0 0.0 
0.0 0.0 0.0 0.0 
0.0 0.0 0.0 0.0 
0.0 0.0 0.0 0.0 
0.0 0.0 0.0 0.0 
0.0 0.0 0.0 0.0 
0.0 0.0 0.0 0.0 
0.0 0.0 0.0 0.0 
0.0 0.0 0.0 0.0 
0.0 0.0 0.0 0.0 
0.0 0.0 0.0 0.0 
0.0 0.0 0.0 0.0 
0.0 0.0 0.0 0.0 
0.0 0.0 0.0 0.0 
0.0 0.0 0.0 0.0 
0.0 0.0 0.0 0.0 
0.0 0.0 0.0 0.0 
0.0 0.0 0.0 0.0 
0.0 0.0 0.0 0.0 
0.0 0.0 0.0 0.0 
0.0 0.0 0.0 0.0 
0.0 0.0 0.0 0.0 
0.0 0.0 0.0 0.0 
0.0 0.0 0.0 0.0 
0.0 0.0 0.0 0.0 
0.0 0.0 0.0 0.0 
0.0 0.0 0.0 0.0 
0.0 0.0 0.0 0.0 
0.0 0.0 0.0 0.0 
0.0 0.0 0.0 0.0 
0.0 0.0 0.0 0.0 
0.0 0.0 0.0 0.0 
0.0 0.0 0.0 0.0 
0.0 0.0 0.0 0.0 
0.0 0.0 0.0 0.0 
0.0 0.0 0.0 0.0 
0.0 0.0 0.0 0.0 
0.0 0.0 0.0 0.0 
0.0 0.0 0.0 0.0 
0.0 0.0 0.0 0.0 
0.0 0.0 0.0 0.0 
0.0 0.0 0.0 0.0 
-9.99999999999995 0.0 0.0 -1009.9999999999958 
-1000.9999999999995 0.0 0.0 74.00241007724509 
0.0 0.0 0.0 0.0 
0.0 0.0 0.0 0.0 
0.0 0.0 0.0 0.0 
0.0 0.0 0.0 0.0 
0.0 0.0 0.0 0.0 
0.0 0.0 0.0 0.0 
0.0 0.0 0.0 0.0 
0.0 0.0 0.0 0.0 
0.0 0.0 0.0 0.0 
0.0 0.0 0.0 0.0 
0.0 0.0 0.0 0.0 
0.0 0.0 0.0 0.0 
0.0 0.0 0.0 0.0 
0.0 0.0 0.0 0.0 
0.0 0.0 0.0 0.0 
0.0 0.0 0.0 0.0 
0.0 0.0 0.0 0.0 
0.0 0.0 0.0 0.0 
0.0 0.0 0.0 0.0 
0.0 0.0 0.0 0.0 
0.0 0.0 0.0 0.0 
0.0 0.0 0.0 0.0 
0.0 0.0 0.0 0.0 
0.0 0.0 0.0 0.0 
0.0 0.0 0.0 0.0 
0.0 0.0 0.0 0.0 
0.0 0.0 0.0 0.0 
0.0 0.0 0.0 0.0 
0.0 0.0 0.0 0.0 
0.0 0.0 0.0 0.0 
0.0 0.0 0.0 0.0 
0.0 0.0 0.0 0.0 
0.0 0.0 0.0 0.0 
0.0 0.0 0.0 0.0 
0.0 0.0 0.0 0.0 
0.0 0.0 0.0 0.0 
0.0 0.0 0.0 0.0 
0.0 0.0 0.0 0.0 
0.0 0.0 0.0 0.0 
0.0 0.0 0.0 0.0 
0.0 0.0 0.0 0.0 
0.0 0.0 0.0 0.0 
0.0 0.0 0.0 0.0 
0.0 0.0 0.0 0.0 
0.0 0.0 0.0 0.0 
0.0 0.0 0.0 0.0 
0.0 0.0 0.0 0.0 
0.0 0.0 0.0 0.0 
0.0 0.0 0.0 0.0 
0.0 0.0 0.0 0.0 
0.0 0.0 0.0 0.0 
0.0 0.0 0.0 0.0 
0.0 0.0 -1000.9999999999995 -7.269957757087264 
0.0 0.0 -9.99999999999995 -968.1691426862467 
0.0 0.0 0.0 0.0 
0.0 0.0 0.0 0.0 
0.0 0.0 -1.899999999999999 -0.9999999999999996 
0.0 0.0 0.0 0.0 
0.0 0.0 0.0 0.0 
0.0 0.0 0.0 0.0 
0.0 0.0 0.0 0.0 
0.0 0.0 0.0 0.0 
0.0 0.0 0.0 0.0 
0.0 0.0 0.0 0.0 
0.0 0.0 0.0 0.0 
0.0 0.0 0.0 0.0 
0.0 0.0 0.0 0.0 
0.0 0.0 0.0 0.0 
0.0 0.0 0.0 0.0 
0.0 0.0 0.0 0.0 
0.0 0.0 0.0 0.0 
0.0 0.0 0.0 0.0 
0.0 0.0 0.0 0.0 
0.0 0.0 0.0 0.0 
0.0 0.0 0.0 0.0 
0.0 0.0 0.0 0.0 
0.0 0.0 0.0 0.0 
0.0 0.0 0.0 0.0 
0.0 0.0 0.0 0.0 
0.0 0.0 0.0 0.0 
0.0 0.0 0.0 0.0 
0.0 0.0 0.0 0.0 
0.0 0.0 0.0 0.0 
0.0 0.0 0.0 0.0 
0.0 0.0 0.0 0.0 
0.0 0.0 0.0 0.0 
0.0 0.0 0.0 0.0 
0.0 0.0 -1000.9999999999995 -7.077987695754009 
0.0 0.0 -9.999999999999975 -1009.9999999999998 
0.0 0.0 0.0 0.0 
0.0 0.0 0.0 0.0 
0.0 0.0 -1.899999999999999 -0.9999999999999996 
0.0 0.0 0.0 0.0 
0.0 -3223.1542642974755 0.0 -2749.662126857763 
0.0 0.0 0.0 0.0 
0.0 -1000.9999999999995 0.0 -5.793484727177917 
0.0 0.0 0.0 0.0 
0.0 0.0 0.0 0.0 
0.0 -1712.8278077527038 0.0 -2342.6976303724623 
0.0 0.0 0.0 0.0 
0.0 -1006.0441361583612 0.0 -5.44191219594194 
0.0 0.0 0.0 0.0 
0.0 0.0 0.0 0.0 
0.0 0.0 0.0 0.0 
0.0 0.0 0.0 0.0 
0.0 0.0 0.0 0.0 
0.0 0.0 0.0 0.0 
0.0 0.0 0.0 0.0 
0.0 -2609.6845640041856 0.0 -2654.819577640833 
0.0 0.0 0.0 0.0 
0.0 -1006.0585185435007 0.0 -5.565656562534838 
0.0 -9.999985401528793 0.0 -9.99998568689017 
0.0 0.0 0.0 0.0 
0.0 -3599.289445357628 0.0 -3267.2450017066403 
0.0 0.0 0.0 0.0 
0.0 -1000.9999999999995 0.0 -5.805111482897279 
0.0 -1.899999999999999 0.0 -0.9999999999999996 
0.0 0.0 0.0 0.0 
0.0 -2738.63384643549 0.0 -1383.7572127873798 
0.0 0.0 0.0 0.0 
0.0 -929.1779359445002 0.0 103.21454395499454 
0.0 0.0 0.0 0.0 
0.0 0.0 0.0 0.0 
0.0 0.0 0.0 0.0 
0.0 0.0 0.0 0.0 
0.0 0.0 0.0 0.0 
0.0 0.0 0.0 0.0 
0.0 0.0 0.0 0.0 
0.0 0.0 0.0 0.0 
0.0 0.0 0.0 0.0 
0.0 0.0 0.0 0.0 
0.0 0.0 0.0 0.0 
0.0 0.0 0.0 0.0 
0.0 0.0 0.0 0.0 
0.0 0.0 0.0 0.0 
0.0 0.0 0.0 0.0 
0.0 0.0 0.0 0.0 
0.0 0.0 0.0 0.0 
0.0 0.0 0.0 0.0 
0.0 0.0 0.0 0.0 
0.0 0.0 0.0 0.0 
0.0 0.0 0.0 0.0 
0.0 0.0 0.0 0.0 
0.0 0.0 0.0 0.0 
0.0 0.0 0.0 0.0 
0.0 0.0 0.0 0.0 
0.0 0.0 0.0 0.0 
0.0 0.0 0.0 0.0 
0.0 0.0 0.0 0.0 
0.0 0.0 0.0 0.0 
0.0 0.0 0.0 0.0 
0.0 0.0 0.0 0.0 
0.0 0.0 0.0 0.0 
0.0 0.0 0.0 0.0 
0.0 0.0 0.0 0.0 
0.0 0.0 0.0 0.0 
0.0 0.0 0.0 0.0 
0.0 0.0 0.0 0.0 
0.0 0.0 0.0 0.0 
0.0 0.0 0.0 0.0 
0.0 0.0 0.0 0.0 
0.0 0.0 0.0 0.0 
0.0 0.0 0.0 0.0 
0.0 0.0 0.0 0.0 
0.0 0.0 0.0 0.0 
0.0 0.0 0.0 0.0 
0.0 0.0 0.0 0.0 
0.0 0.0 0.0 0.0 
0.0 0.0 0.0 0.0 
0.0 0.0 0.0 0.0 
0.0 0.0 0.0 0.0 
0.0 0.0 0.0 0.0 
0.0 0.0 0.0 0.0 
0.0 0.0 0.0 0.0 
0.0 0.0 0.0 0.0 
0.0 0.0 0.0 0.0 
0.0 0.0 0.0 0.0 
0.0 0.0 0.0 0.0 
0.0 0.0 0.0 0.0 
0.0 0.0 0.0 0.0 
0.0 0.0 0.0 0.0 
0.0 0.0 0.0 0.0 
0.0 0.0 0.0 0.0 
0.0 0.0 0.0 0.0 
0.0 0.0 0.0 0.0 
0.0 0.0 0.0 0.0 
0.0 0.0 0.0 0.0 
0.0 0.0 0.0 0.0 
0.0 0.0 0.0 0.0 
0.0 0.0 0.0 0.0 
0.0 0.0 0.0 0.0 
0.0 0.0 0.0 0.0 
0.0 0.0 0.0 0.0 
0.0 0.0 0.0 0.0 
0.0 0.0 0.0 0.0 
0.0 0.0 0.0 0.0 
0.0 0.0 0.0 0.0 
0.0 0.0 0.0 0.0 
0.0 0.0 0.0 0.0 
0.0 0.0 0.0 0.0 
0.0 0.0 0.0 0.0 
0.0 0.0 0.0 0.0 
0.0 0.0 0.0 0.0 
0.0 0.0 0.0 0.0 
0.0 0.0 0.0 0.0 
0.0 0.0 0.0 0.0 
0.0 0.0 0.0 0.0 
0.0 0.0 0.0 0.0 
0.0 0.0 0.0 0.0 
0.0 0.0 0.0 0.0 
0.0 0.0 0.0 0.0 
0.0 0.0 0.0 0.0 
0.0 0.0 0.0 0.0 
0.0 0.0 0.0 0.0 
0.0 0.0 0.0 0.0 
0.0 0.0 0.0 0.0 
0.0 0.0 0.0 0.0 
0.0 0.0 0.0 0.0 
0.0 0.0 0.0 0.0 
0.0 0.0 0.0 0.0 
0.0 0.0 0.0 0.0 
0.0 0.0 0.0 0.0 
0.0 0.0 0.0 0.0 
0.0 0.0 0.0 0.0 
0.0 0.0 0.0 0.0 
0.0 0.0 0.0 0.0 
0.0 0.0 0.0 0.0 
0.0 0.0 0.0 0.0 
-5.875970581179795 -1.899999999999999 0.0 -1006.659142823884 
-1000.9999999999995 118.65940758231807 0.0 12.255886206369626 
-8.230089422108982 -1000.9999999999995 0.0 -7.769660152430864 
0.0 0.0 0.0 0.0 
0.0 0.0 0.0 0.0 
0.0 0.0 0.0 0.0 
0.0 0.0 0.0 0.0 
0.0 0.0 0.0 0.0 
0.0 0.0 0.0 0.0 
0.0 0.0 0.0 0.0 
-3.439000000000001 -1.9 0.0 -879.0034572179792 
-1000.9999999999995 100.92878754925646 0.0 123.42542258890022 
-3.438999999999997 -1000.9999999999995 0.0 -1.899999999999999 
-0.9999999999999996 -1.899999999999999 0.0 -1.899999999999999 
0.0 0.0 0.0 0.0 
0.0 0.0 0.0 0.0 
0.0 0.0 0.0 0.0 
0.0 0.0 0.0 0.0 
0.0 0.0 0.0 0.0 
0.0 0.0 0.0 0.0 
0.0 0.0 0.0 0.0 
0.0 0.0 0.0 0.0 
0.0 0.0 0.0 0.0 
0.0 0.0 0.0 0.0 
0.0 -6.927100246913135 -1000.9999999999995 -6.000114376966437 
0.0 -9.99999999999995 -9.99999957261332 -924.0425623881323 
0.0 0.0 0.0 0.0 
0.0 -1006.0278963032422 -5.406555719977343 -4.422500764458637 
0.0 -1.899999999999999 -1.899999999999999 -0.9999999999999996 
0.0 159.28999999999996 -1000.9999999999995 53.62465585293253 
0.0 -1.899999999999999 -5.440461054717241 -1006.5027942616758 
0.0 0.0 0.0 0.0 
0.0 -1001.0000000000002 -7.288517239039678 -7.517956545079008 
0.0 0.0 0.0 0.0 
0.0 0.0 0.0 0.0 
0.0 0.0 0.0 0.0 
0.0 0.0 0.0 0.0 
0.0 0.0 0.0 0.0 
0.0 0.0 0.0 0.0 
0.0 0.0 0.0 0.0 
0.0 0.0 0.0 0.0 
0.0 0.0 0.0 0.0 
0.0 0.0 0.0 0.0 
0.0 0.0 0.0 0.0 
0.0 0.0 0.0 0.0 
0.0 0.0 0.0 0.0 
0.0 0.0 0.0 0.0 
0.0 0.0 0.0 0.0 
0.0 0.0 0.0 0.0 
0.0 0.0 0.0 0.0 
0.0 0.0 0.0 0.0 
0.0 0.0 0.0 0.0 
0.0 0.0 0.0 0.0 
0.0 0.0 0.0 0.0 
0.0 0.0 0.0 0.0 
0.0 0.0 0.0 0.0 
0.0 0.0 0.0 0.0 
0.0 0.0 0.0 0.0 
0.0 0.0 0.0 0.0 
0.0 112.64987287892147 -1000.9999999999995 143.98566063118932 
0.0 -1.9 -3.439000000000001 -864.2631202203377 
0.0 0.0 0.0 0.0 
0.0 -1001.0000000000002 -3.438999999999997 -1.899999999999999 
0.0 -1.899999999999999 -0.9999999999999996 -1.899999999999999 
0.0 0.0 0.0 0.0 
0.0 0.0 0.0 0.0 
0.0 0.0 0.0 0.0 
0.0 0.0 0.0 0.0 
0.0 0.0 0.0 0.0 
0.0 0.0 0.0 0.0 
0.0 0.0 0.0 0.0 
0.0 0.0 0.0 0.0 
0.0 0.0 0.0 0.0 
0.0 0.0 0.0 0.0 
0.0 0.0 0.0 0.0 
0.0 0.0 0.0 0.0 
0.0 0.0 0.0 0.0 
0.0 0.0 0.0 0.0 
0.0 0.0 0.0 0.0 
0.0 0.0 0.0 0.0 
0.0 0.0 0.0 0.0 
0.0 0.0 0.0 0.0 
0.0 0.0 0.0 0.0 
0.0 0.0 0.0 0.0 
0.0 0.0 0.0 0.0 
0.0 0.0 0.0 0.0 
0.0 0.0 0.0 0.0 
0.0 0.0 0.0 0.0 
0.0 0.0 0.0 0.0 
0.0 0.0 0.0 0.0 
0.0 0.0 0.0 0.0 
0.0 0.0 0.0 0.0 
0.0 0.0 0.0 0.0 
0.0 0.0 0.0 0.0 
0.0 0.0 0.0 0.0 
0.0 0.0 0.0 0.0 
0.0 0.0 0.0 0.0 
0.0 0.0 0.0 0.0 
0.0 0.0 0.0 0.0 
0.0 0.0 0.0 0.0 
0.0 0.0 0.0 0.0 
0.0 0.0 0.0 0.0 
0.0 0.0 0.0 0.0 
0.0 0.0 0.0 0.0 
0.0 0.0 0.0 0.0 
0.0 0.0 0.0 0.0 
0.0 0.0 0.0 0.0 
0.0 0.0 0.0 0.0 
0.0 0.0 0.0 0.0 
0.0 0.0 0.0 0.0 
0.0 0.0 0.0 0.0 
0.0 0.0 0.0 0.0 
0.0 0.0 0.0 0.0 
0.0 0.0 0.0 0.0 
0.0 0.0 0.0 0.0 
0.0 0.0 0.0 0.0 
0.0 0.0 0.0 0.0 
0.0 0.0 0.0 0.0 
0.0 0.0 0.0 0.0 
0.0 0.0 0.0 0.0 
0.0 0.0 0.0 0.0 
0.0 0.0 0.0 0.0 
0.0 0.0 0.0 0.0 
0.0 0.0 0.0 0.0 
0.0 0.0 0.0 0.0 
0.0 0.0 0.0 0.0 
0.0 0.0 0.0 0.0 
0.0 0.0 0.0 0.0 
0.0 0.0 0.0 0.0 
0.0 0.0 0.0 0.0 
0.0 0.0 0.0 0.0 
0.0 0.0 0.0 0.0 
0.0 0.0 0.0 0.0 
0.0 0.0 0.0 0.0 
0.0 0.0 0.0 0.0 
0.0 0.0 0.0 0.0 
0.0 0.0 0.0 0.0 
0.0 0.0 0.0 0.0 
0.0 0.0 0.0 0.0 
0.0 0.0 0.0 0.0 
0.0 0.0 0.0 0.0 
0.0 0.0 0.0 0.0 
0.0 0.0 0.0 0.0 
0.0 0.0 0.0 0.0 
0.0 0.0 0.0 0.0 
0.0 0.0 0.0 0.0 
0.0 0.0 0.0 0.0 
0.0 0.0 0.0 0.0 
0.0 0.0 0.0 0.0 
0.0 0.0 0.0 0.0 
0.0 0.0 0.0 0.0 
0.0 0.0 0.0 0.0 
0.0 0.0 0.0 0.0 
0.0 0.0 0.0 0.0 
0.0 0.0 0.0 0.0 
0.0 0.0 0.0 0.0 
0.0 0.0 0.0 0.0 
0.0 0.0 0.0 0.0 
0.0 0.0 0.0 0.0 
0.0 0.0 0.0 0.0 
0.0 0.0 0.0 0.0 
0.0 0.0 0.0 0.0 
0.0 0.0 0.0 0.0 
0.0 0.0 0.0 0.0 
0.0 0.0 0.0 0.0 
0.0 0.0 0.0 0.0 
0.0 0.0 0.0 0.0 
0.0 0.0 0.0 0.0 
0.0 0.0 0.0 0.0 
0.0 0.0 -3404.56586714337 0.0 
0.0 0.0 0.0 0.0 
0.0 0.0 0.0 0.0 
0.0 0.0 0.0 0.0 
0.0 0.0 -0.9999999999999996 0.0 
0.0 0.0 -3067.1943618248442 0.0 
0.0 0.0 0.0 0.0 
0.0 0.0 0.0 0.0 
0.0 0.0 0.0 0.0 
0.0 0.0 -0.9999999999999996 0.0 
0.0 0.0 0.0 0.0 
0.0 0.0 0.0 0.0 
0.0 0.0 0.0 0.0 
0.0 0.0 0.0 0.0 
0.0 0.0 0.0 0.0 
0.0 0.0 0.0 0.0 
0.0 0.0 0.0 0.0 
0.0 0.0 0.0 0.0 
0.0 0.0 0.0 0.0 
0.0 0.0 0.0 0.0 
0.0 0.0 0.0 0.0 
0.0 0.0 0.0 0.0 
0.0 0.0 0.0 0.0 
0.0 -3416.181169888909 0.0 0.0 
0.0 -0.9999999999999996 0.0 0.0 
0.0 0.0 0.0 0.0 
0.0 0.0 0.0 0.0 
0.0 0.0 0.0 0.0 
0.0 0.0 0.0 0.0 
0.0 0.0 0.0 0.0 
0.0 0.0 0.0 0.0 
0.0 0.0 0.0 0.0 
0.0 0.0 0.0 0.0 
0.0 -4403.45435612245 0.0 0.0 
0.0 -0.9999999999999996 0.0 0.0 
0.0 0.0 0.0 0.0 
0.0 0.0 0.0 0.0 
0.0 0.0 0.0 0.0 
0.0 -2690.58158475305 0.0 0.0 
0.0 -0.9999999999999996 0.0 0.0 
0.0 0.0 0.0 0.0 
0.0 0.0 0.0 0.0 
0.0 0.0 0.0 0.0 
0.0 0.0 0.0 0.0 
0.0 0.0 0.0 0.0 
0.0 0.0 0.0 0.0 
0.0 0.0 0.0 0.0 
0.0 0.0 0.0 0.0 
0.0 0.0 0.0 0.0 
0.0 0.0 0.0 0.0 
0.0 0.0 0.0 0.0 
0.0 0.0 0.0 0.0 
0.0 0.0 0.0 0.0 
0.0 0.0 0.0 0.0 
0.0 0.0 0.0 0.0 
0.0 0.0 0.0 0.0 
0.0 0.0 0.0 0.0 
0.0 0.0 0.0 0.0 
0.0 0.0 0.0 0.0 
0.0 0.0 0.0 0.0 
0.0 0.0 0.0 0.0 
0.0 0.0 0.0 0.0 
0.0 0.0 0.0 0.0 
0.0 0.0 0.0 0.0 
0.0 0.0 0.0 0.0 
0.0 0.0 0.0 0.0 
0.0 0.0 0.0 0.0 
0.0 0.0 0.0 0.0 
0.0 0.0 0.0 0.0 
0.0 0.0 0.0 0.0 
0.0 0.0 0.0 0.0 
0.0 0.0 0.0 0.0 
0.0 0.0 0.0 0.0 
0.0 0.0 0.0 0.0 
0.0 0.0 0.0 0.0 
0.0 0.0 0.0 0.0 
0.0 0.0 0.0 0.0 
0.0 0.0 0.0 0.0 
0.0 0.0 0.0 0.0 
0.0 0.0 0.0 0.0 
0.0 0.0 0.0 0.0 
0.0 0.0 0.0 0.0 
0.0 0.0 0.0 0.0 
0.0 0.0 0.0 0.0 
0.0 0.0 0.0 0.0 
0.0 0.0 0.0 0.0 
0.0 0.0 0.0 0.0 
0.0 0.0 0.0 0.0 
0.0 0.0 0.0 0.0 
0.0 0.0 0.0 0.0 
0.0 0.0 0.0 0.0 
0.0 0.0 0.0 0.0 
0.0 0.0 0.0 0.0 
0.0 0.0 0.0 0.0 
0.0 0.0 0.0 0.0 
0.0 0.0 0.0 0.0 
0.0 0.0 0.0 0.0 
0.0 0.0 0.0 0.0 
0.0 0.0 0.0 0.0 
0.0 0.0 0.0 0.0 
0.0 0.0 0.0 0.0 
0.0 0.0 0.0 0.0 
0.0 0.0 0.0 0.0 
0.0 0.0 0.0 0.0 
0.0 0.0 0.0 0.0 
0.0 0.0 0.0 0.0 
0.0 0.0 0.0 0.0 
0.0 0.0 0.0 0.0 
0.0 0.0 0.0 0.0 
0.0 0.0 0.0 0.0 
0.0 0.0 0.0 0.0 
0.0 0.0 0.0 0.0 
0.0 0.0 0.0 0.0 
0.0 0.0 0.0 0.0 
0.0 0.0 0.0 0.0 
0.0 0.0 0.0 0.0 
0.0 0.0 0.0 0.0 
0.0 0.0 0.0 0.0 
0.0 0.0 0.0 0.0 
0.0 0.0 0.0 0.0 
-2719.3892586829807 0.0 -2530.3830028042303 0.0 
0.0 0.0 0.0 0.0 
-917.3260446362615 0.0 144.08334577015057 0.0 
0.0 0.0 0.0 0.0 
0.0 0.0 0.0 0.0 
-3105.5431006372814 0.0 -2763.910393135288 0.0 
0.0 0.0 0.0 0.0 
-1001.0000000000002 0.0 -3.149866402371059 0.0 
0.0 0.0 0.0 0.0 
-1.899999999999999 0.0 -9.999999999981853 0.0 
-2097.1683678043437 0.0 -2512.545599903688 0.0 
0.0 0.0 0.0 0.0 
-1003.4685792149811 0.0 -2.4361114954598215 0.0 
0.0 0.0 0.0 0.0 
-9.999999999980123 0.0 -9.99999999997984 0.0 
0.0 0.0 0.0 0.0 
0.0 0.0 0.0 0.0 
-1001.0000000000002 -9.99999999999996 0.0 0.0 
198.9999999999999 -884.2499907405 0.0 0.0 
0.0 0.0 0.0 0.0 
0.0 0.0 0.0 0.0 
0.0 0.0 0.0 0.0 
-1004.1322444516993 -9.99999999999995 0.0 0.0 
-9.999999999999975 -1005.3845840055612 0.0 0.0 
-1.0 -1.0 0.0 0.0 
0.0 0.0 0.0 0.0 
0.0 0.0 0.0 0.0 
-1004.2868397590435 -2.75534810257528 0.0 0.0 
-9.999999999999975 -1003.3863974736264 0.0 0.0 
0.0 0.0 0.0 0.0 
0.0 0.0 0.0 0.0 
0.0 0.0 0.0 0.0 
0.0 0.0 0.0 0.0 
0.0 0.0 0.0 0.0 
0.0 0.0 0.0 0.0 
0.0 0.0 0.0 0.0 
0.0 0.0 0.0 0.0 
0.0 0.0 0.0 0.0 
0.0 0.0 0.0 0.0 
0.0 0.0 0.0 0.0 
0.0 0.0 0.0 0.0 
0.0 0.0 0.0 0.0 
0.0 0.0 0.0 0.0 
0.0 0.0 0.0 0.0 
0.0 0.0 0.0 0.0 
0.0 0.0 0.0 0.0 
0.0 0.0 0.0 0.0 
0.0 0.0 0.0 0.0 
0.0 0.0 0.0 0.0 
0.0 0.0 0.0 0.0 
0.0 0.0 0.0 0.0 
0.0 0.0 0.0 0.0 
0.0 0.0 0.0 0.0 
0.0 0.0 0.0 0.0 
0.0 0.0 0.0 0.0 
0.0 0.0 0.0 0.0 
-9.99999999999995 0.0 0.0 -961.6772763390077 
-1001.0000000000002 0.0 0.0 -9.999999999999957 
0.0 0.0 0.0 0.0 
-0.9999999999999998 0.0 0.0 -0.9999999999999998 
0.0 0.0 0.0 0.0 
0.0 0.0 0.0 0.0 
0.0 0.0 0.0 0.0 
0.0 0.0 0.0 0.0 
0.0 0.0 0.0 0.0 
0.0 0.0 0.0 0.0 
0.0 0.0 0.0 0.0 
0.0 0.0 0.0 0.0 
0.0 0.0 0.0 0.0 
0.0 0.0 0.0 0.0 
0.0 0.0 0.0 0.0 
0.0 0.0 0.0 0.0 
0.0 0.0 0.0 0.0 
0.0 0.0 0.0 0.0 
0.0 0.0 0.0 0.0 
0.0 0.0 0.0 0.0 
0.0 0.0 0.0 0.0 
0.0 0.0 0.0 0.0 
0.0 0.0 0.0 0.0 
0.0 0.0 0.0 0.0 
0.0 0.0 0.0 0.0 
0.0 0.0 0.0 0.0 
0.0 0.0 0.0 0.0 
0.0 0.0 0.0 0.0 
0.0 0.0 0.0 0.0 
0.0 0.0 0.0 0.0 
-9.999999999999972 0.0 0.0 -1003.9344676179273 
-1004.2745474173207 0.0 0.0 -2.6559275859940854 
0.0 0.0 0.0 0.0 
0.0 0.0 0.0 0.0 
0.0 0.0 0.0 0.0 
-9.999999999999977 0.0 0.0 -1009.9999999999919 
-1001.0000000000002 0.0 0.0 -9.99999999999996 
0.0 0.0 0.0 0.0 
-1.0 0.0 0.0 -1.0 
0.0 -6.558315678470001 -1000.9999999999995 0.0 
0.0 0.0 0.0 0.0 
0.0 0.0 0.0 0.0 
0.0 -968.1163740383189 -9.99999999999995 0.0 
0.0 -0.9999999999999996 -0.9999999999999996 0.0 
0.0 -6.783899836342023 -1000.9999999999995 0.0 
0.0 0.0 0.0 0.0 
0.0 0.0 0.0 0.0 
0.0 -1009.9999999999998 -9.999999999999968 0.0 
0.0 -0.9999999999999996 -1.899999999999999 0.0 
0.0 173.04925631566837 -1001.0012024968948 0.0 
0.0 0.0 0.0 0.0 
0.0 0.0 0.0 0.0 
0.0 -1005.0235188917391 -9.999999999999975 0.0 
0.0 -0.9999999999999998 -0.9999999999999998 0.0 
0.0 -4.085851212484167 -1005.3116093446279 0.0 
0.0 0.0 0.0 0.0 
0.0 0.0 0.0 0.0 
0.0 -1004.0475800309182 -9.999999999999979 0.0 
0.0 -1.0 -1.0 0.0 
0.0 -9.99999999999995 -1005.5782291436815 0.0 
0.0 0.0 0.0 0.0 
0.0 0.0 0.0 0.0 
0.0 -927.5458460977452 165.7461501650666 0.0 
0.0 0.0 0.0 0.0 
0.0 0.0 0.0 0.0 
0.0 0.0 0.0 0.0 
0.0 0.0 0.0 0.0 
0.0 0.0 0.0 0.0 
0.0 0.0 0.0 0.0 
0.0 0.0 0.0 0.0 
0.0 0.0 0.0 0.0 
0.0 0.0 0.0 0.0 
0.0 0.0 0.0 0.0 
0.0 0.0 0.0 0.0 
0.0 0.0 0.0 0.0 
0.0 0.0 0.0 0.0 
0.0 0.0 0.0 0.0 
0.0 0.0 0.0 0.0 
0.0 0.0 0.0 0.0 
0.0 0.0 0.0 0.0 
0.0 0.0 0.0 0.0 
0.0 0.0 0.0 0.0 
0.0 0.0 0.0 0.0 
0.0 0.0 0.0 0.0 
0.0 0.0 0.0 0.0 
0.0 0.0 0.0 0.0 
0.0 0.0 0.0 0.0 
0.0 0.0 0.0 0.0 
0.0 0.0 0.0 0.0 
0.0 0.0 -975.7828207203131 -9.99999999999995 
0.0 0.0 -7.649622210981958 -1007.3955734838735 
0.0 0.0 0.0 0.0 
0.0 0.0 0.0 0.0 
0.0 0.0 -0.9999999999999996 -0.9999999999999996 
0.0 0.0 -1009.9999999999998 -9.99999999999995 
0.0 0.0 -7.251562911463865 -1007.5628031217884 
0.0 0.0 0.0 0.0 
0.0 0.0 0.0 0.0 
0.0 0.0 -0.9999999999999996 -0.9999999999999996 
0.0 0.0 -1009.9999999999998 -9.99999999999995 
0.0 0.0 115.3999765099596 -948.3228199860562 
0.0 0.0 0.0 0.0 
0.0 0.0 0.0 0.0 
0.0 0.0 0.0 0.0 
0.0 0.0 -1001.8999999999996 -9.999999999999961 
0.0 0.0 -1.9 -1003.4389999999997 
0.0 0.0 0.0 0.0 
0.0 0.0 0.0 0.0 
0.0 0.0 -1.0 -1.0 
0.0 0.0 -857.6390000000004 178.09999999999985 
0.0 0.0 -1.9 -1009.9999999999941 
0.0 0.0 0.0 0.0 
0.0 0.0 0.0 0.0 
0.0 0.0 -0.9999999999999999 -0.9999999999999999 
0.0 0.0 0.0 0.0 
0.0 0.0 0.0 0.0 
0.0 0.0 0.0 0.0 
0.0 0.0 0.0 0.0 
0.0 0.0 0.0 0.0 
0.0 0.0 0.0 0.0 
0.0 -5.809550183949023 0.0 -1000.9999999999995 
0.0 0.0 0.0 0.0 
0.0 -2563.7553400848124 0.0 -3161.4076263970665 
0.0 0.0 0.0 0.0 
0.0 0.0 0.0 0.0 
0.0 0.0 0.0 0.0 
0.0 0.0 0.0 0.0 
0.0 0.0 0.0 0.0 
0.0 0.0 0.0 0.0 
0.0 0.0 0.0 0.0 
0.0 198.9999999999999 0.0 -863.4910924326684 
0.0 0.0 0.0 0.0 
0.0 -1005.3949935640427 0.0 -4.715698660944459 
0.0 0.0 0.0 0.0 
0.0 0.0 0.0 0.0 
0.0 -5.60152427811952 0.0 -1000.9999999999995 
0.0 0.0 0.0 0.0 
0.0 -3752.463236202927 0.0 -3962.3939996248746 
0.0 0.0 0.0 0.0 
0.0 0.0 0.0 0.0 
0.0 -5.41252937258365 0.0 -1006.0274496660568 
0.0 0.0 0.0 0.0 
0.0 -3004.961811277445 0.0 -3420.6668229064994 
0.0 -0.9999999999999996 0.0 -0.9999999999999996 
0.0 0.0 0.0 0.0 
0.0 -5.033069390447183 0.0 -1005.615289182886 
0.0 0.0 0.0 0.0 
0.0 -2531.866210838827 0.0 -2494.1987157975286 
0.0 -9.987647830043212 0.0 -9.988157838642316 
0.0 0.0 0.0 0.0 
0.0 -4.053378216058383 0.0 -1004.6511840163885 
0.0 0.0 0.0 0.0 
0.0 -863.4854258561545 0.0 198.9999999999999 
0.0 0.0 0.0 0.0 
0.0 0.0 0.0 0.0 
0.0 -5.957999940059208 0.0 -1006.8162371089408 
0.0 0.0 0.0 0.0 
0.0 -2001.6627776267874 0.0 -1669.9885048420679 
0.0 0.0 0.0 0.0 
164.4857149493448 36.92192495844459 -869.9523954353476 0.0 
0.0 0.0 0.0 0.0 
-1010.0 -9.999999999999979 -9.999999999999979 0.0 
144.91868934787405 -941.3493578013092 134.3748727668642 0.0 
0.0 0.0 0.0 0.0 
-5.031167191520025 -5.538878232227229 -1002.1936587264586 0.0 
0.0 0.0 0.0 0.0 
-1003.1705127210892 -4.1583404914582625 -7.788894771614302 0.0 
-9.999999999999975 -1004.6618053119058 -9.999999999999972 0.0 
0.0 0.0 0.0 0.0 
-5.290558598969327 69.30546388385429 -1000.9999999999995 0.0 
0.0 0.0 0.0 0.0 
-1004.3797022814725 -3.569826144722777 -9.99999999999995 0.0 
-9.999999999999979 -1004.4158963323705 -9.999999999999975 0.0 
-1.0 -1.0 -1.0 0.0 
-5.07513895055701 -4.652398619533509 -932.4585303497017 0.0 
0.0 0.0 0.0 0.0 
-1000.9999999999995 -3.637483918881196 -4.188077087328833 0.0 
-9.999999999999979 -1004.3777637711747 -9.999999999999977 0.0 
0.0 0.0 0.0 0.0 
-9.999999999961219 -4.8693870611335175 -1005.9422841517032 0.0 
0.0 0.0 0.0 0.0 
-863.6683227142073 91.24161039940151 183.34405477460083 0.0 
155.83626706618378 -890.1731849587431 193.1966548081777 0.0 
0.0 0.0 0.0 0.0 
-4.573887731885019 -4.688308772486781 -924.558861892667 0.0 
0.0 0.0 0.0 0.0 
-1000.9999999999995 -3.7175380512626104 -2.795221519313181 0.0 
78.04317388063734 -913.488158623017 82.96406111094664 0.0 
0.0 0.0 0.0 0.0 
0.0 0.0 0.0 0.0 
0.0 0.0 0.0 0.0 
0.0 0.0 0.0 0.0 
0.0 0.0 0.0 0.0 
0.0 0.0 0.0 0.0 
-3.779110886708027 -5.207581466158107 -1005.2894312364019 0.0 
0.0 0.0 0.0 0.0 
-1000.9999999999995 -5.029205508675913 -6.259814935454935 0.0 
133.772159013153 -892.5210804467183 110.91063559185099 0.0 
0.0 0.0 0.0 0.0 
128.94883550438644 0.0 -915.0027217074945 60.922910198134716 
116.74175864551661 0.0 67.59590492170506 -917.5632811046909 
-1009.9999999999999 0.0 -9.999999999999979 -9.999999999999977 
0.0 0.0 0.0 0.0 
0.0 0.0 0.0 0.0 
-9.99999999999995 0.0 -923.510176262469 46.45784269355137 
-7.02953357943389 0.0 -6.555290868861455 -1006.6724208933558 
-1006.319345995302 0.0 -5.3297937350071205 -5.6998291044507114 
0.0 0.0 0.0 0.0 
-1.899999999999999 0.0 -1.899999999999999 -0.9999999999999996 
-9.99999999999995 0.0 -959.7188878215053 -9.99999999999995 
-7.113345542984229 0.0 -6.859851422944302 -1007.2308723086924 
-1006.6579000881097 0.0 -5.915900031837339 -5.160673229721059 
0.0 0.0 0.0 0.0 
-0.9999999999999996 0.0 -1.899999999999999 -0.9999999999999996 
-9.99999999999995 0.0 -1009.9999999999998 -9.99999999999995 
-7.385232188526492 0.0 -7.068518957609614 -1007.4267885337512 
-1000.9999999999995 0.0 -6.308192093450556 -5.534035762864616 
0.0 0.0 0.0 0.0 
0.0 0.0 0.0 0.0 
-9.99999999999995 0.0 -1009.9999999999998 -9.99999999999995 
110.60358874674768 0.0 150.3752716356645 -920.9418662096028 
-908.0322523492164 0.0 110.79417797423267 38.41034886545746 
0.0 0.0 0.0 0.0 
0.0 0.0 0.0 0.0 
-5.363107021651287 0.0 -897.8492205766922 -4.988404709063537 
-9.999999999992458 0.0 -9.999999999991187 -1009.9999999999916 
-909.1191519994968 0.0 91.18369633071234 86.43708989120157 
0.0 0.0 0.0 0.0 
0.0 0.0 0.0 0.0 
-2713.506844079004 0.0 -1000.9999999999995 198.9999999999999 
-9.999999999999964 0.0 -9.999999999999973 -1004.2271436915324 
-866.144779222824 0.0 -9.999999999999957 198.9999999999999 
0.0 0.0 0.0 0.0 
-1.0 0.0 -1.0 -1.0 
-1588.8578573885786 0.0 -1001.0000000000002 128.51272501076454 
-1.0 0.0 -2.71 -1002.7099999999999 
-1003.1821605005808 0.0 -9.99999999999995 -1.0 
0.0 0.0 0.0 0.0 
0.0 0.0 0.0 0.0 
0.0 0.0 0.0 0.0 
198.9999999999999 -9.999999999999797 0.0 -880.0759547372479 
-1001.0000000000002 -9.99999999999996 0.0 -9.999999999999957 
198.9999999999999 -999.4434420848895 0.0 -5.118534705911831 
-1.0 -1.0 0.0 -1.0 
0.0 0.0 0.0 0.0 
102.499691808781 102.85424614061142 0.0 -929.5025342014013 
-1002.9352279206346 -9.999999999999957 0.0 -9.99999999999995 
-5.3408521258976975 -1005.0939977216651 0.0 -7.419982449051799 
0.0 0.0 0.0 0.0 
0.0 0.0 0.0 0.0 
68.14554641958877 90.48022125056289 0.0 -923.1028110562271 
-1003.5676993574925 -1.728506458129892 0.0 -2.8957353850456657 
-2.6206630564072513 -1004.2942985040954 0.0 -5.393183647198387 
0.0 0.0 0.0 0.0 
0.0 0.0 0.0 0.0 
0.0 0.0 0.0 0.0 
0.0 0.0 0.0 0.0 
0.0 0.0 0.0 0.0 
0.0 0.0 0.0 0.0 
0.0 0.0 0.0 0.0 
0.0 0.0 0.0 0.0 
0.0 0.0 0.0 0.0 
0.0 0.0 0.0 0.0 
0.0 0.0 0.0 0.0 
0.0 0.0 0.0 0.0 
0.0 0.0 0.0 0.0 
0.0 0.0 0.0 0.0 
0.0 0.0 0.0 0.0 
0.0 0.0 0.0 0.0 
0.0 0.0 0.0 0.0 
-3.0453396057821176 -6.9577349119177185 0.0 -1004.4585889494992 
-1003.4245666666379 -2.7436347211360186 0.0 -2.0649496267052974 
41.93700839016648 -963.7239974544208 0.0 67.88741845198592 
0.0 0.0 0.0 0.0 
0.0 0.0 0.0 0.0 
-9.999999999993504 -9.999999999996145 0.0 -1009.9993362913931 
-970.3939517834972 -9.99999999999996 0.0 -9.99999999999996 
97.00603189481457 -937.8493261954588 0.0 77.23136871790358 
0.0 0.0 0.0 0.0 
0.0 -5.794383710396676 -1000.9999999999995 -6.671653848367895 
0.0 -5.291123829709828 -5.664936337251205 -1006.6895693341921 
0.0 0.0 0.0 0.0 
0.0 -920.1285723620161 -9.995404600855338 -9.99999999999995 
0.0 -0.9999999999999996 -1.899999999999999 -0.9999999999999996 
0.0 -6.715585356608786 -1000.9999999999995 -6.824491921365114 
0.0 -6.224356093760277 -6.811563138968963 -1005.8340061770949 
0.0 0.0 0.0 0.0 
0.0 -1009.9968625625219 -9.99999999999995 -9.999999999999961 
0.0 -1.8999999999999937 -0.9999999999999996 -1.899999999999999 
0.0 128.69801922240066 -1001.0000000000002 122.59100124470827 
0.0 158.71420601247453 97.82753622238707 -873.4841312109529 
0.0 0.0 0.0 0.0 
0.0 -1005.4465461861412 -5.554098675702595 -4.9901270562046545 
0.0 0.0 0.0 0.0 
0.0 -3.930592966882502 -1004.5802230882516 -4.207152437394331 
0.0 -511.6833719537015 92.54445342834882 -928.6161772010278 
0.0 0.0 0.0 0.0 
0.0 -1005.1314818048866 -4.8200474640400035 -5.422927703781468 
0.0 0.0 0.0 0.0 
0.0 -9.999999999999979 -1010.0 -9.999999999999979 
0.0 -1733.6464773849038 198.8258015850618 -875.8007445740784 
0.0 0.0 0.0 0.0 
0.0 -898.8467821506962 191.01694667823264 -8.808769051878608 
0.0 -1.0 -1.0 -1.0 
0.0 -9.99999999999995 -1002.6130526477777 -9.99999999999995 
0.0 -9.999999999996028 -9.999999999994237 -1009.9237313241686 
0.0 0.0 0.0 0.0 
0.0 -927.3026997334772 88.82457996755718 77.42805356020818 
0.0 0.0 0.0 0.0 
0.0 72.17087669166744 -1001.0000000000002 75.88014325477604 
0.0 -9.999999999995586 -9.999999999993728 -1009.9999999999932 
0.0 0.0 0.0 0.0 
0.0 -934.7874772167445 76.60872844344676 91.37068732490793 
0.0 -1.8999999999999997 -0.9999999999999999 -1.8999999999999997 
0.0 -5.04871146921768 -1000.9999999999995 -6.085118025425038 
0.0 -4.7100542738361755 -5.511259466072998 -1005.7039988100728 
0.0 0.0 0.0 0.0 
0.0 -888.7896224149376 87.60286179393898 -9.994428841612926 
0.0 -1.899999999999999 -0.9999999999999996 -1.899999999999999 
198.99999999999952 115.09968201405285 -1000.9999958532874 133.71458199830644 
198.9999856994763 -9.978884468057144 158.89805902579215 -875.401200250327 
-1010.0 -9.999999999999979 -9.999999999999979 -9.999999999999979 
198.9999999999999 -881.8863979909411 159.28999999991822 -9.150046141790227 
0.0 0.0 0.0 0.0 
-3.8396978995377697 -5.006534881670644 -1003.822810114036 -4.581131960880288 
136.4289638531964 92.86185925749385 97.85782897273867 -891.0784026124743 
-1003.2278724974169 -3.731509044166171 -6.871164668256788 -3.968462057906506 
-2.2767544458789453 -1003.0611307348806 -3.9492019961638287 -3.5290120455403753 
0.0 0.0 0.0 0.0 
-4.588121873746275 58.01081769850485 -1000.9999999999995 59.940489745991286 
95.22823778890489 121.47812253101159 93.53824132420796 -930.15825008464 
-1003.672933513687 -3.044135368414946 -9.99999999999995 -3.701781608447053 
-4.723221726336492 -1005.2553770484533 -5.580942148569033 -5.046670690411469 
0.0 0.0 0.0 0.0 
-4.099820212063203 -4.635060009832278 -938.6420520678699 -5.06692199494692 
83.41410350016476 92.04205116939123 102.24681151564843 -935.4129128402781 
-1000.9999999999995 -3.8791244264843465 -3.5139920301631378 -4.01615314091887 
-4.666875642854376 -1004.2948644614862 -4.695080214825982 -4.832423965085916 
0.0 0.0 0.0 0.0 
-9.999999999999979 -9.999999999999979 -1010.0 -9.999999999999979 
161.3611500753657 -9.999999999999979 195.69287925876046 -875.269023102811 
-968.2724782542873 105.36095019823256 158.76347052138857 121.70103602787533 
149.54471079015113 -880.2543122179143 172.05827034986984 -9.999999999999979 
0.0 0.0 0.0 0.0 
-7.053376362355572 -5.067659024746302 -998.7236647031209 -5.040271797836256 
-9.99999999999393 -9.999999999993625 -9.999999999992452 -1009.4589108034929 
-933.3029657494764 82.35212205573367 87.71752711859597 84.75274879002197 
85.54755454954648 -931.21509866206 94.24055600952303 93.12287731889188 
0.0 0.0 0.0 0.0 
-5.250686114457393 97.81391689175757 -1000.9999999999995 110.200238460091 
-9.999999999992648 -9.99999999999254 -9.999999999992783 -1009.9999999999916 
-917.4001851262567 64.34267750923509 -9.99999999999996 102.07803665249304 
70.29356568103188 -886.153662586449 86.81395596206892 123.74670905887456 
0.0 0.0 0.0 0.0 
-4.478155028708488 -5.305667384300939 -1002.0923083162054 -5.190138842623257 
-3.39618125516067 -6.086302277938542 -4.61797626669399 -1003.8015924783774 
-1001.0560597732672 -5.0014395917626615 -9.238334178162381 -3.5291590412315585 
125.7378798027635 -927.4409122967859 101.09708940381205 115.11332764872657 
0.0 0.0 0.0 0.0 
0.0 0.0 0.0 0.0 
0.0 0.0 0.0 0.0 
0.0 0.0 0.0 0.0 
0.0 0.0 0.0 0.0 
0.0 0.0 0.0 0.0 
0.0 0.0 0.0 0.0 
0.0 0.0 0.0 0.0 
0.0 0.0 0.0 0.0 
0.0 0.0 0.0 0.0 
0.0 0.0 0.0 0.0 
0.0 0.0 0.0 0.0 
0.0 0.0 0.0 0.0 
0.0 0.0 0.0 0.0 
0.0 0.0 0.0 0.0 
0.0 0.0 0.0 0.0 
0.0 0.0 0.0 0.0 
0.0 0.0 0.0 0.0 
0.0 0.0 0.0 0.0 
0.0 0.0 0.0 0.0 
0.0 0.0 0.0 0.0 
0.0 0.0 0.0 0.0 
0.0 0.0 0.0 0.0 
0.0 0.0 0.0 0.0 
0.0 0.0 0.0 0.0 
0.0 0.0 0.0 0.0 
0.0 0.0 0.0 0.0 
0.0 0.0 0.0 0.0 
0.0 0.0 0.0 0.0 
0.0 0.0 0.0 0.0 
0.0 0.0 0.0 0.0 
0.0 0.0 0.0 0.0 
0.0 0.0 0.0 0.0 
0.0 0.0 0.0 0.0 
0.0 0.0 0.0 0.0 
0.0 0.0 0.0 0.0 
0.0 0.0 0.0 0.0 
0.0 0.0 0.0 0.0 
0.0 0.0 0.0 0.0 
0.0 0.0 0.0 0.0 
0.0 0.0 0.0 0.0 
0.0 0.0 0.0 0.0 
0.0 0.0 0.0 0.0 
0.0 0.0 0.0 0.0 
0.0 0.0 0.0 0.0 
0.0 0.0 0.0 0.0 
0.0 0.0 0.0 0.0 
0.0 0.0 0.0 0.0 
0.0 0.0 0.0 0.0 
0.0 0.0 0.0 0.0 
0.0 0.0 0.0 0.0 
0.0 0.0 0.0 0.0 
0.0 0.0 0.0 0.0 
0.0 0.0 0.0 0.0 
0.0 0.0 0.0 0.0 
0.0 0.0 0.0 0.0 
0.0 0.0 0.0 0.0 
0.0 0.0 0.0 0.0 
0.0 0.0 0.0 0.0 
0.0 0.0 0.0 0.0 
0.0 0.0 0.0 0.0 
0.0 0.0 0.0 0.0 
0.0 0.0 0.0 0.0 
0.0 0.0 0.0 0.0 
0.0 0.0 0.0 0.0 
0.0 0.0 0.0 0.0 
0.0 0.0 0.0 0.0 
0.0 0.0 0.0 0.0 
0.0 0.0 0.0 0.0 
0.0 0.0 0.0 0.0 
0.0 0.0 0.0 0.0 
0.0 0.0 0.0 0.0 
0.0 0.0 0.0 0.0 
0.0 0.0 0.0 0.0 
0.0 0.0 0.0 0.0 
0.0 0.0 0.0 0.0 
0.0 0.0 0.0 0.0 
0.0 0.0 0.0 0.0 
0.0 0.0 0.0 0.0 
0.0 0.0 0.0 0.0 
0.0 0.0 0.0 0.0 
0.0 0.0 0.0 0.0 
0.0 0.0 0.0 0.0 
0.0 0.0 0.0 0.0 
0.0 0.0 0.0 0.0 
0.0 0.0 0.0 0.0 
0.0 0.0 0.0 0.0 
0.0 0.0 0.0 0.0 
0.0 0.0 0.0 0.0 
0.0 0.0 0.0 0.0 
0.0 0.0 0.0 0.0 
0.0 0.0 0.0 0.0 
0.0 0.0 0.0 0.0 
0.0 0.0 0.0 0.0 
0.0 0.0 0.0 0.0 
0.0 0.0 0.0 0.0 
0.0 0.0 0.0 0.0 
0.0 0.0 0.0 0.0 
0.0 0.0 0.0 0.0 
0.0 0.0 0.0 0.0 
0.0 0.0 0.0 0.0 
0.0 0.0 0.0 0.0 
0.0 0.0 0.0 0.0 
0.0 0.0 0.0 0.0 
0.0 0.0 0.0 0.0 
0.0 0.0 0.0 0.0 
0.0 0.0 0.0 0.0 
0.0 0.0 0.0 0.0 
0.0 0.0 0.0 0.0 
0.0 0.0 0.0 0.0 
0.0 0.0 0.0 0.0 
0.0 0.0 0.0 0.0 
0.0 0.0 0.0 0.0 
0.0 0.0 0.0 0.0 
0.0 0.0 0.0 0.0 
0.0 0.0 0.0 0.0 
0.0 0.0 0.0 0.0 
0.0 0.0 0.0 0.0 
0.0 0.0 0.0 0.0 
0.0 0.0 0.0 0.0 
0.0 0.0 0.0 0.0 
0.0 0.0 0.0 0.0 
0.0 0.0 0.0 0.0 
0.0 0.0 0.0 0.0 
0.0 0.0 0.0 0.0 
0.0 0.0 0.0 0.0 
0.0 0.0 0.0 0.0 
0.0 0.0 0.0 0.0 
0.0 0.0 0.0 0.0 
0.0 0.0 0.0 0.0 
0.0 0.0 0.0 0.0 
0.0 0.0 0.0 0.0 
0.0 0.0 0.0 0.0 
0.0 0.0 0.0 0.0 
0.0 0.0 0.0 0.0 
0.0 0.0 0.0 0.0 
0.0 0.0 0.0 0.0 
0.0 0.0 0.0 0.0 
0.0 0.0 0.0 0.0 
0.0 0.0 0.0 0.0 
0.0 0.0 0.0 0.0 
0.0 0.0 0.0 0.0 
0.0 0.0 0.0 -2882.573566861718 
0.0 0.0 0.0 0.0 
0.0 0.0 0.0 0.0 
0.0 0.0 0.0 -0.9999999999999996 
0.0 0.0 0.0 0.0 
0.0 0.0 0.0 -4031.532430556521 
0.0 0.0 0.0 0.0 
0.0 0.0 0.0 0.0 
0.0 0.0 0.0 -0.9999999999999996 
0.0 0.0 0.0 0.0 
0.0 0.0 0.0 0.0 
0.0 0.0 0.0 0.0 
0.0 0.0 0.0 0.0 
0.0 0.0 0.0 0.0 
0.0 0.0 0.0 0.0 
0.0 0.0 0.0 -3521.117871227035 
0.0 0.0 0.0 0.0 
0.0 0.0 0.0 0.0 
0.0 0.0 0.0 -0.9999999999999996 
0.0 0.0 0.0 0.0 
0.0 0.0 0.0 0.0 
0.0 0.0 0.0 0.0 
0.0 0.0 0.0 0.0 
0.0 0.0 0.0 0.0 
0.0 0.0 0.0 0.0 
0.0 0.0 0.0 0.0 
0.0 0.0 0.0 0.0 
0.0 0.0 0.0 0.0 
0.0 0.0 0.0 0.0 
0.0 0.0 0.0 0.0 
0.0 0.0 0.0 0.0 
0.0 0.0 0.0 0.0 
0.0 0.0 0.0 0.0 
0.0 0.0 0.0 0.0 
0.0 0.0 0.0 0.0 
0.0 0.0 0.0 0.0 
0.0 0.0 0.0 0.0 
0.0 0.0 0.0 0.0 
0.0 0.0 0.0 0.0 
0.0 0.0 0.0 0.0 
0.0 0.0 0.0 0.0 
0.0 0.0 0.0 0.0 
0.0 0.0 0.0 0.0 
0.0 0.0 0.0 0.0 
0.0 0.0 0.0 0.0 
0.0 0.0 0.0 0.0 
0.0 0.0 0.0 0.0 
0.0 0.0 0.0 0.0 
0.0 0.0 0.0 0.0 
0.0 0.0 0.0 0.0 
0.0 0.0 0.0 0.0 
0.0 0.0 0.0 0.0 
0.0 0.0 0.0 0.0 
0.0 0.0 0.0 0.0 
0.0 0.0 0.0 0.0 
0.0 0.0 0.0 0.0 
0.0 0.0 0.0 0.0 
0.0 0.0 0.0 0.0 
0.0 0.0 0.0 0.0 
0.0 0.0 0.0 0.0 
0.0 0.0 0.0 0.0 
0.0 0.0 0.0 0.0 
0.0 0.0 0.0 0.0 
0.0 0.0 0.0 0.0 
0.0 0.0 0.0 0.0 
0.0 0.0 0.0 0.0 
0.0 0.0 0.0 0.0 
0.0 0.0 0.0 0.0 
0.0 0.0 0.0 0.0 
0.0 0.0 0.0 0.0 
0.0 0.0 0.0 0.0 
0.0 0.0 0.0 0.0 
0.0 0.0 0.0 0.0 
0.0 0.0 0.0 0.0 
0.0 0.0 0.0 0.0 
0.0 0.0 0.0 0.0 
0.0 0.0 0.0 0.0 
0.0 0.0 0.0 0.0 
0.0 0.0 0.0 0.0 
0.0 0.0 0.0 0.0 
0.0 0.0 0.0 0.0 
0.0 0.0 0.0 0.0 
0.0 0.0 0.0 0.0 
0.0 0.0 0.0 0.0 
0.0 0.0 0.0 0.0 
0.0 0.0 0.0 0.0 
0.0 0.0 0.0 0.0 
0.0 0.0 0.0 0.0 
0.0 0.0 0.0 0.0 
0.0 0.0 0.0 0.0 
0.0 0.0 0.0 0.0 
0.0 0.0 0.0 0.0 
0.0 0.0 0.0 0.0 
0.0 0.0 0.0 0.0 
0.0 0.0 0.0 0.0 
0.0 0.0 0.0 0.0 
0.0 0.0 0.0 0.0 
0.0 0.0 0.0 0.0 
0.0 0.0 0.0 0.0 
0.0 0.0 0.0 0.0 
0.0 0.0 0.0 0.0 
0.0 0.0 0.0 0.0 
0.0 0.0 0.0 0.0 
0.0 0.0 0.0 0.0 
0.0 0.0 0.0 0.0 
0.0 0.0 0.0 0.0 
0.0 0.0 0.0 0.0 
0.0 0.0 0.0 0.0 
0.0 0.0 0.0 0.0 
0.0 0.0 0.0 0.0 
0.0 0.0 0.0 0.0 
0.0 0.0 0.0 0.0 
0.0 0.0 0.0 0.0 
0.0 0.0 0.0 0.0 
0.0 0.0 0.0 0.0 
0.0 0.0 0.0 0.0 
0.0 0.0 0.0 0.0 
0.0 0.0 0.0 0.0 
0.0 0.0 0.0 0.0 
0.0 0.0 0.0 0.0 
0.0 0.0 0.0 0.0 
0.0 0.0 0.0 0.0 
0.0 0.0 0.0 0.0 
0.0 0.0 0.0 0.0 
0.0 0.0 0.0 0.0 
-9.99999999999995 0.0 0.0 -1009.9999999999958 
-1000.9999999999995 0.0 0.0 74.00241007724509 
0.0 0.0 0.0 0.0 
0.0 0.0 0.0 0.0 
0.0 0.0 0.0 0.0 
0.0 0.0 0.0 0.0 
0.0 0.0 0.0 0.0 
0.0 0.0 0.0 0.0 
0.0 0.0 0.0 0.0 
0.0 0.0 0.0 0.0 
0.0 0.0 0.0 0.0 
0.0 0.0 0.0 0.0 
0.0 0.0 0.0 0.0 
0.0 0.0 0.0 0.0 
0.0 0.0 0.0 0.0 
0.0 0.0 0.0 0.0 
0.0 0.0 0.0 0.0 
0.0 0.0 0.0 0.0 
0.0 0.0 0.0 0.0 
0.0 0.0 0.0 0.0 
0.0 0.0 0.0 0.0 
0.0 0.0 0.0 0.0 
0.0 0.0 0.0 0.0 
0.0 0.0 0.0 0.0 
0.0 0.0 0.0 0.0 
0.0 0.0 0.0 0.0 
0.0 0.0 0.0 0.0 
0.0 0.0 0.0 0.0 
0.0 0.0 0.0 0.0 
0.0 0.0 0.0 0.0 
0.0 0.0 0.0 0.0 
0.0 0.0 0.0 0.0 
0.0 0.0 0.0 0.0 
0.0 0.0 0.0 0.0 
0.0 0.0 0.0 0.0 
0.0 0.0 0.0 0.0 
0.0 0.0 0.0 0.0 
0.0 0.0 0.0 0.0 
0.0 0.0 0.0 0.0 
0.0 0.0 0.0 0.0 
0.0 0.0 0.0 0.0 
0.0 0.0 0.0 0.0 
0.0 0.0 0.0 0.0 
0.0 0.0 0.0 0.0 
0.0 0.0 0.0 0.0 
0.0 0.0 0.0 0.0 
0.0 0.0 0.0 0.0 
0.0 0.0 0.0 0.0 
0.0 0.0 0.0 0.0 
0.0 0.0 0.0 0.0 
0.0 0.0 0.0 0.0 
0.0 0.0 0.0 0.0 
0.0 0.0 0.0 0.0 
0.0 0.0 0.0 0.0 
0.0 0.0 -1000.9999999999995 -7.269957757087264 
0.0 0.0 -9.99999999999995 -968.1691426862467 
0.0 0.0 0.0 0.0 
0.0 0.0 0.0 0.0 
0.0 0.0 -1.899999999999999 -0.9999999999999996 
0.0 0.0 0.0 0.0 
0.0 0.0 0.0 0.0 
0.0 0.0 0.0 0.0 
0.0 0.0 0.0 0.0 
0.0 0.0 0.0 0.0 
0.0 0.0 0.0 0.0 
0.0 0.0 0.0 0.0 
0.0 0.0 0.0 0.0 
0.0 0.0 0.0 0.0 
0.0 0.0 0.0 0.0 
0.0 0.0 0.0 0.0 
0.0 0.0 0.0 0.0 
0.0 0.0 0.0 0.0 
0.0 0.0 0.0 0.0 
0.0 0.0 0.0 0.0 
0.0 0.0 0.0 0.0 
0.0 0.0 0.0 0.0 
0.0 0.0 0.0 0.0 
0.0 0.0 0.0 0.0 
0.0 0.0 0.0 0.0 
0.0 0.0 0.0 0.0 
0.0 0.0 0.0 0.0 
0.0 0.0 0.0 0.0 
0.0 0.0 0.0 0.0 
0.0 0.0 0.0 0.0 
0.0 0.0 0.0 0.0 
0.0 0.0 0.0 0.0 
0.0 0.0 0.0 0.0 
0.0 0.0 0.0 0.0 
0.0 0.0 0.0 0.0 
0.0 0.0 -1000.9999999999995 -7.077987695754009 
0.0 0.0 -9.999999999999975 -1009.9999999999998 
0.0 0.0 0.0 0.0 
0.0 0.0 0.0 0.0 
0.0 0.0 -1.899999999999999 -0.9999999999999996 
0.0 0.0 0.0 0.0 
0.0 -3223.1542642974755 0.0 -2749.662126857763 
0.0 0.0 0.0 0.0 
0.0 -1000.9999999999995 0.0 -5.793484727177917 
0.0 0.0 0.0 0.0 
0.0 0.0 0.0 0.0 
0.0 -1712.8278077527038 0.0 -2342.6976303724623 
0.0 0.0 0.0 0.0 
0.0 -1006.0441361583612 0.0 -5.44191219594194 
0.0 0.0 0.0 0.0 
0.0 0.0 0.0 0.0 
0.0 0.0 0.0 0.0 
0.0 0.0 0.0 0.0 
0.0 0.0 0.0 0.0 
0.0 0.0 0.0 0.0 
0.0 0.0 0.0 0.0 
0.0 -2609.6845640041856 0.0 -2654.819577640833 
0.0 0.0 0.0 0.0 
0.0 -1006.0585185435007 0.0 -5.565656562534838 
0.0 -9.999985401528793 0.0 -9.99998568689017 
0.0 0.0 0.0 0.0 
0.0 -3599.289445357628 0.0 -3267.2450017066403 
0.0 0.0 0.0 0.0 
0.0 -1000.9999999999995 0.0 -5.805111482897279 
0.0 -1.899999999999999 0.0 -0.9999999999999996 
0.0 0.0 0.0 0.0 
0.0 -2738.63384643549 0.0 -1383.7572127873798 
0.0 0.0 0.0 0.0 
0.0 -929.1779359445002 0.0 103.21454395499454 
0.0 0.0 0.0 0.0 
0.0 0.0 0.0 0.0 
0.0 0.0 0.0 0.0 
0.0 0.0 0.0 0.0 
0.0 0.0 0.0 0.0 
0.0 0.0 0.0 0.0 
0.0 0.0 0.0 0.0 
0.0 0.0 0.0 0.0 
0.0 0.0 0.0 0.0 
0.0 0.0 0.0 0.0 
0.0 0.0 0.0 0.0 
0.0 0.0 0.0 0.0 
0.0 0.0 0.0 0.0 
0.0 0.0 0.0 0.0 
0.0 0.0 0.0 0.0 
0.0 0.0 0.0 0.0 
0.0 0.0 0.0 0.0 
0.0 0.0 0.0 0.0 
0.0 0.0 0.0 0.0 
0.0 0.0 0.0 0.0 
0.0 0.0 0.0 0.0 
0.0 0.0 0.0 0.0 
0.0 0.0 0.0 0.0 
0.0 0.0 0.0 0.0 
0.0 0.0 0.0 0.0 
0.0 0.0 0.0 0.0 
0.0 0.0 0.0 0.0 
0.0 0.0 0.0 0.0 
0.0 0.0 0.0 0.0 
0.0 0.0 0.0 0.0 
0.0 0.0 0.0 0.0 
0.0 0.0 0.0 0.0 
0.0 0.0 0.0 0.0 
0.0 0.0 0.0 0.0 
0.0 0.0 0.0 0.0 
0.0 0.0 0.0 0.0 
0.0 0.0 0.0 0.0 
0.0 0.0 0.0 0.0 
0.0 0.0 0.0 0.0 
0.0 0.0 0.0 0.0 
0.0 0.0 0.0 0.0 
0.0 0.0 0.0 0.0 
0.0 0.0 0.0 0.0 
0.0 0.0 0.0 0.0 
0.0 0.0 0.0 0.0 
0.0 0.0 0.0 0.0 
0.0 0.0 0.0 0.0 
0.0 0.0 0.0 0.0 
0.0 0.0 0.0 0.0 
0.0 0.0 0.0 0.0 
0.0 0.0 0.0 0.0 
0.0 0.0 0.0 0.0 
0.0 0.0 0.0 0.0 
0.0 0.0 0.0 0.0 
0.0 0.0 0.0 0.0 
0.0 0.0 0.0 0.0 
0.0 0.0 0.0 0.0 
0.0 0.0 0.0 0.0 
0.0 0.0 0.0 0.0 
0.0 0.0 0.0 0.0 
0.0 0.0 0.0 0.0 
0.0 0.0 0.0 0.0 
0.0 0.0 0.0 0.0 
0.0 0.0 0.0 0.0 
0.0 0.0 0.0 0.0 
0.0 0.0 0.0 0.0 
0.0 0.0 0.0 0.0 
0.0 0.0 0.0 0.0 
0.0 0.0 0.0 0.0 
0.0 0.0 0.0 0.0 
0.0 0.0 0.0 0.0 
0.0 0.0 0.0 0.0 
0.0 0.0 0.0 0.0 
0.0 0.0 0.0 0.0 
0.0 0.0 0.0 0.0 
0.0 0.0 0.0 0.0 
0.0 0.0 0.0 0.0 
0.0 0.0 0.0 0.0 
0.0 0.0 0.0 0.0 
0.0 0.0 0.0 0.0 
0.0 0.0 0.0 0.0 
0.0 0.0 0.0 0.0 
0.0 0.0 0.0 0.0 
0.0 0.0 0.0 0.0 
0.0 0.0 0.0 0.0 
0.0 0.0 0.0 0.0 
0.0 0.0 0.0 0.0 
0.0 0.0 0.0 0.0 
0.0 0.0 0.0 0.0 
0.0 0.0 0.0 0.0 
0.0 0.0 0.0 0.0 
0.0 0.0 0.0 0.0 
0.0 0.0 0.0 0.0 
0.0 0.0 0.0 0.0 
0.0 0.0 0.0 0.0 
0.0 0.0 0.0 0.0 
0.0 0.0 0.0 0.0 
0.0 0.0 0.0 0.0 
0.0 0.0 0.0 0.0 
0.0 0.0 0.0 0.0 
0.0 0.0 0.0 0.0 
0.0 0.0 0.0 0.0 
0.0 0.0 0.0 0.0 
0.0 0.0 0.0 0.0 
0.0 0.0 0.0 0.0 
0.0 0.0 0.0 0.0 
0.0 0.0 0.0 0.0 
0.0 0.0 0.0 0.0 
0.0 0.0 0.0 0.0 
0.0 0.0 0.0 0.0 
0.0 0.0 0.0 0.0 
0.0 0.0 0.0 0.0 
0.0 0.0 0.0 0.0 
0.0 0.0 0.0 0.0 
0.0 0.0 0.0 0.0 
0.0 0.0 0.0 0.0 
0.0 0.0 0.0 0.0 
-9.999999999995719 -9.999999999997165 0.0 -1009.9999999999959 
-1000.9999999999995 65.82277366983283 0.0 66.81985535420604 
78.68837530861562 -931.7923362250008 0.0 93.1436074884734 
-0.9999999999999996 -1.899999999999999 0.0 -1.899999999999999 
0.0 0.0 0.0 0.0 
0.0 0.0 0.0 0.0 
0.0 0.0 0.0 0.0 
0.0 0.0 0.0 0.0 
0.0 0.0 0.0 0.0 
0.0 0.0 0.0 0.0 
0.0 0.0 0.0 0.0 
0.0 0.0 0.0 0.0 
0.0 0.0 0.0 0.0 
0.0 0.0 0.0 0.0 
0.0 -6.927100246913135 -1000.9999999999995 -6.000114376966437 
0.0 -9.99999999999995 -9.99999957261332 -924.0425623881323 
0.0 0.0 0.0 0.0 
0.0 -1006.0278963032422 -5.406555719977343 -4.422500764458637 
0.0 -1.899999999999999 -1.899999999999999 -0.9999999999999996 
0.0 -6.425336996999652 -1000.9999999999995 -4.683324733346622 
0.0 -9.999999551740537 89.62548150909387 -888.4664091022371 
0.0 0.0 0.0 0.0 
0.0 -1005.1426370343493 -5.021247902730978 -3.4817635989090294 
0.0 0.0 0.0 0.0 
0.0 0.0 0.0 0.0 
0.0 0.0 0.0 0.0 
0.0 0.0 0.0 0.0 
0.0 0.0 0.0 0.0 
0.0 0.0 0.0 0.0 
0.0 0.0 0.0 0.0 
0.0 0.0 0.0 0.0 
0.0 0.0 0.0 0.0 
0.0 0.0 0.0 0.0 
0.0 0.0 0.0 0.0 
0.0 0.0 0.0 0.0 
0.0 0.0 0.0 0.0 
0.0 0.0 0.0 0.0 
0.0 0.0 0.0 0.0 
0.0 0.0 0.0 0.0 
0.0 0.0 0.0 0.0 
0.0 0.0 0.0 0.0 
0.0 0.0 0.0 0.0 
0.0 0.0 0.0 0.0 
0.0 0.0 0.0 0.0 
0.0 0.0 0.0 0.0 
0.0 0.0 0.0 0.0 
0.0 0.0 0.0 0.0 
0.0 0.0 0.0 0.0 
0.0 0.0 0.0 0.0 
0.0 -7.01567020888378 -1000.9999999999995 -6.498559018912344 
0.0 -9.999999999999961 -9.99999999999995 -1009.9999999337571 
0.0 0.0 0.0 0.0 
0.0 -1005.1607856079385 -6.195367071730673 -5.266778229248645 
0.0 -1.899999999999999 -0.9999999999999996 -1.899999999999999 
0.0 0.0 0.0 0.0 
0.0 0.0 0.0 0.0 
0.0 0.0 0.0 0.0 
0.0 0.0 0.0 0.0 
0.0 0.0 0.0 0.0 
0.0 0.0 0.0 0.0 
0.0 0.0 0.0 0.0 
0.0 0.0 0.0 0.0 
0.0 0.0 0.0 0.0 
0.0 0.0 0.0 0.0 
0.0 0.0 0.0 0.0 
0.0 0.0 0.0 0.0 
0.0 0.0 0.0 0.0 
0.0 0.0 0.0 0.0 
0.0 0.0 0.0 0.0 
0.0 0.0 0.0 0.0 
0.0 0.0 0.0 0.0 
0.0 0.0 0.0 0.0 
0.0 0.0 0.0 0.0 
0.0 0.0 0.0 0.0 
0.0 0.0 0.0 0.0 
0.0 0.0 0.0 0.0 
0.0 0.0 0.0 0.0 
0.0 0.0 0.0 0.0 
0.0 0.0 0.0 0.0 
0.0 0.0 0.0 0.0 
0.0 0.0 0.0 0.0 
0.0 0.0 0.0 0.0 
0.0 0.0 0.0 0.0 
0.0 0.0 0.0 0.0 
0.0 0.0 0.0 0.0 
0.0 0.0 0.0 0.0 
0.0 0.0 0.0 0.0 
0.0 0.0 0.0 0.0 
0.0 0.0 0.0 0.0 
0.0 0.0 0.0 0.0 
0.0 0.0 0.0 0.0 
0.0 0.0 0.0 0.0 
0.0 0.0 0.0 0.0 
0.0 0.0 0.0 0.0 
